station_abbr;reference_timestamp;tre200m0;tre200mx;tre200mn;tre005m0;tre005mn;tre005mx;ure200m0;pva200m0;prestam0;pp0qffm0;ppz850m0;ppz700m0;pp0qnhm0;fkl010m0;fkl010m1;fu3010m0;fu3010m1;rre150m0;gre000m0;oli000m0;olo000m0;osr000m0;sre000m0;sremaxmv;erefaom0;xcd000m0;xno000m0;xno012m0;rreetsm0
LUG;01.01.1864 00:00;-2;;;;;;80.6;4.3;991.9;;;;;0.1;;0.4;;8;;;;;;;;;683.5;;
LUG;01.02.1864 00:00;1.7;;;;;;75.2;5.4;980;;;;;0.2;;0.7;;99.5;;;;;;;;;529.7;;
LUG;01.03.1864 00:00;7.3;;;;;;67.8;6.9;975.5;;;;;0.4;;1.4;;86.3;;;;;;;;;393;;
LUG;01.04.1864 00:00;11.2;;;;;;57.3;7.6;980.8;;;;;1.1;;4;;13.7;;;;;;;;;183.1;;
LUG;01.05.1864 00:00;15.3;;;;;;69.4;12.1;979.6;;;;;0.6;;2.2;;143.9;;;;;;;;;17.4;;
LUG;01.06.1864 00:00;18.6;;;;;;72.1;15.5;980.3;;;;;0.6;;2.2;;181.6;;;;;;;;;0;;
LUG;01.07.1864 00:00;21.3;32.1;12.1;;;;69;17.6;981.7;;;;;0.4;;1.4;;53.2;;;;;;;;;0;;
LUG;01.08.1864 00:00;19.8;32.5;7;;;;70.3;16.7;983.1;;;;;0.6;;2.2;;192.5;;;;;;;;;0;;
LUG;01.09.1864 00:00;16.5;27.6;7.5;;;;76.2;14.5;983.9;;;;;0.8;;2.9;;259.9;;;;;;;;;0;;
LUG;01.10.1864 00:00;10.3;19.1;2.9;;;;81.3;10.3;979.5;;;;;0.2;;0.7;;330.5;;;;;;;;;258.8;;
LUG;01.11.1864 00:00;6.9;16;0.2;;;;79.3;8;979;;;;;0.4;;1.4;;101.2;;;;;;;;;391.8;;
LUG;01.12.1864 00:00;2.9;10.4;-3.9;;;;82.5;6.4;984.5;;;;;0;;0;;51;;;;;;;;;528.8;;
LUG;01.01.1865 00:00;1.6;10.3;-4.8;;;;76.4;5.2;975.4;;;;;0.1;;0.4;;39.5;;;;;;;;;571.4;;
LUG;01.02.1865 00:00;2.2;12.3;-4.9;;;;62.3;4.4;977.3;;;;;1.1;;4;;9.4;;;;;;;;;499.7;;
LUG;01.03.1865 00:00;3.8;15.7;-3.2;;;;57.5;4.6;973.4;;;;;1.7;;6.1;;84.2;;;;;;;;;502.4;;
LUG;01.04.1865 00:00;13.9;27.8;-2.2;;;;62.4;10.1;987.6;;;;;0.4;;1.4;;5.6;;;;;;;;;75.2;;
LUG;01.05.1865 00:00;16.7;28;5.9;;;;74.5;14.3;985.2;;;;;0.4;;1.4;;150.3;;;;;;;;;0;;
LUG;01.06.1865 00:00;19.8;27.9;10;;;;67.1;15.5;983.4;;;;;0.6;;2.2;;172.6;;;;;;;;;0;;
LUG;01.07.1865 00:00;22.2;32.2;11.1;;;;67.6;18.3;983.3;;;;;0.2;;0.7;;141.6;;;;;;;;;0;;
LUG;01.08.1865 00:00;19.7;29.6;10.5;;;;75.6;17.7;981.3;;;;;0.2;;0.7;;271;;;;;;;;;0;;
LUG;01.09.1865 00:00;18.8;29.4;9;;;;74.2;16.3;990;;;;;0.1;;0.4;;21.5;;;;;;;;;0;;
LUG;01.10.1865 00:00;11.6;22.5;3.3;;;;82.2;11.4;979.3;;;;;0.1;;0.4;;236.8;;;;;;;;;173.6;;
LUG;01.11.1865 00:00;7.5;14.8;-1;;;;85.5;9.1;985.8;;;;;0.1;;0.4;;260;;;;;;;;;373.6;;
LUG;01.12.1865 00:00;2.6;13.4;-4.2;;;;80.8;6.3;993;;;;;0.1;;0.4;;98.1;;;;;;;;;539.3;;
LUG;01.01.1866 00:00;2.6;13;-3;;;;82;6.1;989.3;;;;;0.2;;0.7;;46.7;;;;;;;;;540.3;;
LUG;01.02.1866 00:00;5.4;14.6;-2;;;;78.8;7.1;982.1;;;;;0.2;;0.7;;86.3;;;;;;;;;408.1;;
LUG;01.03.1866 00:00;6.8;19.7;-0.4;;;;71.4;6.9;974.8;;;;;0.6;;2.2;;222.3;;;;;;;;;396.5;;
LUG;01.04.1866 00:00;11.7;25.3;2.5;;;;71.2;9.7;983.9;;;;;0.8;;2.9;;199.4;;;;;;;;;159.4;;
LUG;01.05.1866 00:00;13.6;24.2;5.5;;;;76.1;12.1;981.8;;;;;0.8;;2.9;;313.6;;;;;;;;;51;;
LUG;01.06.1866 00:00;19.5;31.8;10.2;;;;81.7;19.1;984.3;;;;;0.2;;0.7;;166.2;;;;;;;;;0;;
LUG;01.07.1866 00:00;21.6;34.3;11.3;;;;68.2;18;981.1;;;;;0.6;;2.2;;123.7;;;;;;;;;0;;
LUG;01.08.1866 00:00;19.2;30.8;9.7;;;;71.6;16.2;981.2;;;;;0.4;;1.4;;107.8;;;;;;;;;0;;
LUG;01.09.1866 00:00;17;27.5;8.3;;;;79.1;15.4;983.5;;;;;0.2;;0.7;;159.7;;;;;;;;;0;;
LUG;01.10.1866 00:00;11.2;25;1.8;;;;81.1;11.1;987.8;;;;;0.1;;0.4;;17.1;;;;;;;;;216.4;;
LUG;01.11.1866 00:00;6.4;20.1;-2.5;;;;67;6.8;984.1;;;;;0.4;;1.4;;4.2;;;;;;;;;408.4;;
LUG;01.12.1866 00:00;3.5;16.5;-3;;;;76.9;6.1;988.1;;;;;0.4;;1.4;;13.1;;;;;;;;;510;;
LUG;01.01.1867 00:00;1.4;14.8;-6.2;;;;84.2;5.8;977;;;;;0.2;;0.7;;178.9;;;;;;;;;576;;
LUG;01.02.1867 00:00;5.9;21.8;-1.3;;;;74.2;6.9;991.2;;;;;0.4;;1.4;;54;;;;;;;;;395.4;;
LUG;01.03.1867 00:00;7.2;20.5;-3.6;;;;80.9;8.4;976;;;;;0.1;;0.4;;187;;;;;;;;;390;;
LUG;01.04.1867 00:00;13.3;28.7;1;;;;54.5;8.3;980.6;;;;;1.4;;5;;123.5;;;;;;;;;66.8;;
LUG;01.05.1867 00:00;15.3;29.5;2.5;;;;71.5;12.8;982.3;;;;;0.4;;1.4;;175.8;;;;;;;;;45.8;;
LUG;01.06.1867 00:00;20;32.3;8.3;;;;67;16;983.2;;;;;0.4;;1.4;;114.7;;;;;;;;;0;;
LUG;01.07.1867 00:00;20.5;33;9.4;;;;72.2;17.9;982.7;;;;;0.2;;0.7;;150.6;;;;;;;;;0;;
LUG;01.08.1867 00:00;21;33.9;11.2;;;;77.6;19.5;984.6;;;;;0.2;;0.7;;52.5;;;;;;;;;0;;
LUG;01.09.1867 00:00;18.1;32.3;6;;;;83.7;18;986.9;;;;;0.1;;0.4;;239.8;;;;;;;;;18.4;;
LUG;01.10.1867 00:00;10.6;24.2;-1;;;;81;10.7;984.2;;;;;0.6;;2.2;;270.7;;;;;;;;;234.6;;
LUG;01.11.1867 00:00;6.5;24.1;-4;;;;68.5;6.8;987.5;;;;;0.6;;2.2;;134.6;;;;;;;;;402.8;;
LUG;01.12.1867 00:00;3.2;18.1;-4.6;;;;68.9;5.3;977.4;;;;;0.8;;2.9;;26.2;;;;;;;;;512.6;;
LUG;01.01.1868 00:00;0.3;11.9;-7.2;;;;77.4;4.9;982.5;;;;;0.2;;0.7;;121;;;;;;;;;610.4;;
LUG;01.02.1868 00:00;4.9;16.9;-2.5;;;;77;7;990.6;;;;;0.4;;1.4;;3.2;;;;;;;;;437.2;;
LUG;01.03.1868 00:00;7.2;21.5;-2;;;;74;7.8;982.1;;;;;1.4;;5;;27.8;;;;;;;;;396.8;;
LUG;01.04.1868 00:00;11.2;22.8;2.5;;;;66.3;8.9;981.7;;;;;0.8;;2.9;;139.9;;;;;;;;;214.1;;
LUG;01.05.1868 00:00;18.9;32.9;8.4;;;;84.2;18.9;985.5;;;;;0.2;;0.7;;119.7;;;;;;;;;0;;
LUG;01.06.1868 00:00;20.3;31.1;9.8;;;;78.5;19.1;985.1;;;;;0.6;;2.2;;248.8;;;;;;;;;0;;
LUG;01.07.1868 00:00;21.5;33.3;10.7;;;;72;18.9;982.4;;;;;0.2;;0.7;;185.7;;;;;;;;;0;;
LUG;01.08.1868 00:00;20.6;31.1;10.3;;;;77.7;19.3;983.4;;;;;0.2;;0.7;;250.6;;;;;;;;;0;;
LUG;01.09.1868 00:00;17.9;29.6;10.2;;;;81.9;16.9;984;;;;;0.2;;0.7;;444.5;;;;;;;;;0;;
LUG;01.10.1868 00:00;13;24.5;1.1;;;;82.1;12.7;983.5;;;;;0.4;;1.4;;290;;;;;;;;;94.7;;
LUG;01.11.1868 00:00;5;18.8;-1.8;;;;84;7.7;982.3;;;;;0.2;;0.7;;172.5;;;;;;;;;449.2;;
LUG;01.12.1868 00:00;5.1;16.1;-0.5;;;;85.3;7.7;984.6;;;;;0;;0;;87.8;;;;;;;;;460.6;;
LUG;01.01.1869 00:00;0.9;11.8;-8.7;;;;76.9;5.2;991.6;;;;;0.1;;0.4;;9.8;;;;;;;;;593.5;;
LUG;01.02.1869 00:00;5.9;19.4;-0.7;;;;76.6;7.1;989.3;;;;;0.1;;0.4;;44.7;;;;;;;;;395.1;;
LUG;01.03.1869 00:00;4.6;18.7;-1.2;;;;70.1;5.9;969.8;;;;;0.4;;1.4;;185.6;;;;;;;;;476.3;;
LUG;01.04.1869 00:00;12.2;25.9;0.1;;;;69.9;9.9;983.1;;;;;0.2;;0.7;;149.8;;;;;;;;;135.6;;
LUG;01.05.1869 00:00;16.5;28.5;7.7;;;;81.1;15.3;980.2;;;;;0.1;;0.4;;300.5;;;;;;;;;8;;
LUG;01.06.1869 00:00;17.6;30.7;5.9;;;;68.3;13.9;982.7;;;;;0.2;;0.7;;279.5;;;;;;;;;18.6;;
LUG;01.07.1869 00:00;23.5;33.1;11.1;;;;71.8;20.9;984.5;;;;;0.1;;0.4;;52;;;;;;;;;0;;
LUG;01.08.1869 00:00;20;30.7;10.1;;;;70.6;16.7;984.3;;;;;0.2;;0.7;;115.6;;;;;;;;;0;;
LUG;01.09.1869 00:00;17.8;27.3;8.4;;;;79.3;16.4;985.3;;;;;0.1;;0.4;;147;;;;;;;;;0;;
LUG;01.10.1869 00:00;10.6;24.2;-3.1;;;;76.2;10.5;984.6;;;;;0.2;;0.7;;69;;;;;;;;;172.5;;
LUG;01.11.1869 00:00;5.5;17.5;-2.1;;;;77.3;7.1;982.8;;;;;0.2;;0.7;;90.3;;;;;;;;;434.7;;
LUG;01.12.1869 00:00;2.3;12.7;-8.8;;;;82.5;6.1;980.7;;;;;0.1;;0.4;;237.7;;;;;;;;;547.9;;
LUG;01.01.1870 00:00;0.5;10.2;-7.1;;;;72.5;4.6;985.8;;;;;0.1;;0.4;;10.7;;;;;;;;;605.1;;
LUG;01.02.1870 00:00;2.2;13.2;-6.7;;;;77.5;5.8;981.6;;;;;0;;0;;43.2;;;;;;;;;497.8;;
LUG;01.03.1870 00:00;7;17.1;-1.6;;;;57.5;5.8;978.3;;;;;0.4;;1.4;;21.5;;;;;;;;;403.1;;
LUG;01.04.1870 00:00;11.8;25.8;1.3;;;;54.1;7.3;986.8;;;;;0.8;;2.9;;31.9;;;;;;;;;170;;
LUG;01.05.1870 00:00;17.5;31.3;3.2;;;;66.8;13.7;985.3;;;;;0.2;;0.7;;67.1;;;;;;;;;48;;
LUG;01.06.1870 00:00;20.5;34.2;8.9;;;;65.8;16.1;984.2;;;;;0.6;;2.2;;49.2;;;;;;;;;0;;
LUG;01.07.1870 00:00;23.1;36.1;11.9;;;;62.5;17.7;982.6;;;;;0.4;;1.4;;106.8;;;;;;;;;0;;
LUG;01.08.1870 00:00;18.9;30.5;7.5;;;;70.5;15.7;978.5;;;;;0.4;;1.4;;147.7;;;;;;;;;0;;
LUG;01.09.1870 00:00;16.5;26.7;7.6;;;;67;12.7;987.5;;;;;0.4;;1.4;;60.2;;;;;;;;;0;;
LUG;01.10.1870 00:00;11;23.5;2.9;;;;69.7;9.3;981.7;;;;;0.2;;0.7;;26.7;;;;;;;;;201.2;;
LUG;01.11.1870 00:00;6.6;16.2;-0.7;;;;81.2;8;981.1;;;;;0.2;;0.7;;233.5;;;;;;;;;393.9;;
LUG;01.12.1870 00:00;1.9;18;-6.2;;;;78.8;5.7;975.5;;;;;0.2;;0.7;;32.2;;;;;;;;;562.5;;
LUG;01.01.1871 00:00;0.2;9.5;-7.2;;;;80.6;5.1;977.5;;;;;0.1;;0.4;;143.4;;;;;;;;;615.3;;
LUG;01.02.1871 00:00;3;14.7;-5.4;;;;71.8;5.5;988.7;;;;;0;;0;;0;;;;;;;;;475.5;;
LUG;01.03.1871 00:00;8;19.3;-1.3;;;;66.3;7.2;985.7;;;;;0.2;;0.7;;35.4;;;;;;;;;371.4;;
LUG;01.04.1871 00:00;12.7;23.9;0.4;;;;63.8;9.4;979.9;;;;;0.2;;0.7;;125.6;;;;;;;;;135.4;;
LUG;01.05.1871 00:00;15.7;29.5;5.6;;;;57.6;10.2;981.1;;;;;0.2;;0.7;;44.8;;;;;;;;;9.1;;
LUG;01.06.1871 00:00;16.2;26.8;6;;;;67.6;12.7;978.7;;;;;0.6;;2.2;;281.3;;;;;;;;;58.3;;
LUG;01.07.1871 00:00;22.2;33.6;10.8;;;;62.2;17.1;982.7;;;;;0.4;;1.4;;94.5;;;;;;;;;0;;
LUG;01.08.1871 00:00;21.3;32.3;12.1;;;;67.2;17.2;985.2;;;;;0.1;;0.4;;101.6;;;;;;;;;0;;
LUG;01.09.1871 00:00;19.1;31.8;10.7;;;;75.2;16.6;982.4;;;;;0.1;;0.4;;116.4;;;;;;;;;0;;
LUG;01.10.1871 00:00;10.7;24.1;1.8;;;;75.3;9.9;984.3;;;;;0.1;;0.4;;7.6;;;;;;;;;226.8;;
LUG;01.11.1871 00:00;5.8;15.3;-3.6;;;;72.8;6.8;978.5;;;;;0.2;;0.7;;211.6;;;;;;;;;427.1;;
LUG;01.12.1871 00:00;-1;9.8;-7.7;;;;67.2;3.9;986.6;;;;;0.2;;0.7;;10.1;;;;;;;;;650.6;;
LUG;01.01.1872 00:00;1.3;10.1;-5.2;;;;82.1;5.6;981.5;;;;;0.1;;0.4;;130.3;;;;;;;;;578.3;;
LUG;01.02.1872 00:00;3.4;15.1;-2.6;;;;77.2;6.1;986.9;;;;;0.1;;0.4;;62;;;;;;;;;480.4;;
LUG;01.03.1872 00:00;7;19.4;-0.6;;;;71.6;7.2;980.8;;;;;0.2;;0.7;;120.4;;;;;;;;;401.6;;
LUG;01.04.1872 00:00;12.2;26.4;4;;;;70.7;10;979.3;;;;;0.2;;0.7;;209.2;;;;;;;;;145.8;;
LUG;01.05.1872 00:00;13.7;23.5;5.8;;;;77.4;12.2;981.3;;;;;0.4;;1.4;;343.1;;;;;;;;;63;;
LUG;01.06.1872 00:00;18.7;34.3;8.6;;;;71.6;15.5;981.5;;;;;0.2;;0.7;;382.3;;;;;;;;;8.9;;
LUG;01.07.1872 00:00;21.6;33.8;12;;;;71.3;18.8;981.9;;;;;0.1;;0.4;;217.7;;;;;;;;;0;;
LUG;01.08.1872 00:00;19.9;29.2;11.1;;;;72.8;17.1;981.7;;;;;0.2;;0.7;;178.3;;;;;;;;;0;;
LUG;01.09.1872 00:00;18.1;31.9;5.4;;;;71.7;15.2;984;;;;;0.1;;0.4;;94.6;;;;;;;;;17.1;;
LUG;01.10.1872 00:00;12.6;22.9;4.8;;;;87.3;13;981.1;;;;;0.1;;0.4;;418.1;;;;;;;;;167.1;;
LUG;01.11.1872 00:00;6.9;18;-0.6;;;;82.5;8.3;983.4;;;;;0;;0;;96.2;;;;;;;;;392.4;;
LUG;01.12.1872 00:00;4.6;18.2;-2;;;;84.1;7.3;980.3;;;;;0.1;;0.4;;273.7;;;;;;;;;470.5;;
LUG;01.01.1873 00:00;3;10.5;-3.3;;;;84.1;6.5;984.6;;;;;0;;0;;68.2;;;;;;;;;528.4;;
LUG;01.02.1873 00:00;3.1;13.8;-4.8;;;;76.6;5.8;981.8;;;;;0.1;;0.4;;101.4;;;;;;;;;474.6;;
LUG;01.03.1873 00:00;8.6;18.2;1.1;;;;77;8.6;978.9;;;;;0.1;;0.4;;104.8;;;;;;;;;352.6;;
LUG;01.04.1873 00:00;10.9;22.3;1.6;;;;66.6;8.8;977.2;;;;;0.6;;2.2;;115.3;;;;;;;;;188.8;;
LUG;01.05.1873 00:00;15.2;25.8;6.2;;;;72;12.7;979.5;;;;;0.6;;2.2;;81.3;;;;;;;;;43.3;;
LUG;01.06.1873 00:00;19.1;29.8;6.2;;;;77.1;17.6;983;;;;;0.4;;1.4;;112;;;;;;;;;0;;
LUG;01.07.1873 00:00;22.8;33;12.6;;;;71.2;20;984.5;;;;;0.2;;0.7;;275.4;;;;;;;;;0;;
LUG;01.08.1873 00:00;21.9;34.1;12.1;;;;69.8;18.6;984.9;;;;;0.1;;0.4;;186.8;;;;;;;;;0;;
LUG;01.09.1873 00:00;16.2;26.6;7.2;;;;81.7;15.4;984.6;;;;;0.1;;0.4;;218.2;;;;;;;;;0;;
LUG;01.10.1873 00:00;13.3;24.6;2.8;;;;86.1;13.6;982.8;;;;;0.2;;0.7;;352.4;;;;;;;;;105.4;;
LUG;01.11.1873 00:00;6.9;16.8;-1.2;;;;82.2;8.3;982.4;;;;;0.2;;0.7;;180.3;;;;;;;;;385.2;;
LUG;01.12.1873 00:00;2.8;21.5;-5.6;;;;72.4;5.3;991.4;;;;;0.4;;1.4;;0.5;;;;;;;;;527;;
LUG;01.01.1874 00:00;1.5;17.9;-5.6;;;;77.6;5.4;989.9;;;;;0.2;;0.7;;28.8;;;;;;;;;572.9;;
LUG;01.02.1874 00:00;2.7;14.2;-6.2;;;;71.4;5.3;986;;;;;0.4;;1.4;;37.8;;;;;;;;;484.3;;
LUG;01.03.1874 00:00;7.3;27;-1.6;;;;65.7;6.9;988.1;;;;;0.8;;2.9;;12.3;;;;;;;;;352.1;;
LUG;01.04.1874 00:00;12.7;28.5;2.4;;;;73.8;10.9;979;;;;;0.4;;1.4;;138.6;;;;;;;;;155.5;;
LUG;01.05.1874 00:00;13.5;27.5;2.4;;;;72.5;11.6;978.2;;;;;1.1;;4;;44.4;;;;;;;;;110.8;;
LUG;01.06.1874 00:00;20;33.6;8.5;;;;64.9;15.4;984.2;;;;;0.6;;2.2;;207.2;;;;;;;;;9.9;;
LUG;01.07.1874 00:00;23.4;33.4;11.5;;;;72.6;21.5;983.5;;;;;0.4;;1.4;;180.2;;;;;;;;;0;;
LUG;01.08.1874 00:00;20;29.7;11;;;;72.3;17.3;982.4;;;;;0.4;;1.4;;167.5;;;;;;;;;0;;
LUG;01.09.1874 00:00;18.8;29.4;9.8;;;;79.4;17.5;986.9;;;;;0.1;;0.4;;150;;;;;;;;;0;;
LUG;01.10.1874 00:00;12.6;22;2.6;;;;78.9;12;986.6;;;;;0.1;;0.4;;102;;;;;;;;;115.6;;
LUG;01.11.1874 00:00;5.1;18;-5.2;;;;70.7;6.4;980.8;;;;;0.4;;1.4;;25.9;;;;;;;;;446.3;;
LUG;01.12.1874 00:00;2.8;11.4;-4.4;;;;75.9;5.8;973.3;;;;;0.4;;1.4;;131.9;;;;;;;;;533.7;;
LUG;01.01.1875 00:00;2.8;13.7;-3.3;;;;82.1;6.2;988.6;;;;;0.2;;0.7;;19.4;;;;;;;;;534.5;;
LUG;01.02.1875 00:00;1.3;13;-6.6;;;;75;5;980.1;;;;;0.4;;1.4;;79.5;;;;;;;;;523.7;;
LUG;01.03.1875 00:00;5.1;16.6;-1.6;;;;64.4;5.6;983.6;;;;;0.6;;2.2;;6.6;;;;;;;;;462.4;;
LUG;01.04.1875 00:00;10.8;23.1;1.3;;;;64.7;8.5;982;;;;;0.2;;0.7;;56.1;;;;;;;;;215.1;;
LUG;01.05.1875 00:00;17.9;28.8;7.8;;;;70.6;14.6;983.6;;;;;0.2;;0.7;;87.6;;;;;;;;;8.5;;
LUG;01.06.1875 00:00;19.5;29.8;9.6;;;;77.5;17.9;982.6;;;;;0.2;;0.7;;350.9;;;;;;;;;0;;
LUG;01.07.1875 00:00;20;29.5;11.2;;;;81.4;19.4;981.6;;;;;0.2;;0.7;;309.6;;;;;;;;;0;;
LUG;01.08.1875 00:00;21.2;31.4;12.1;;;;82.1;21;984.7;;;;;0.1;;0.4;;200.3;;;;;;;;;0;;
LUG;01.09.1875 00:00;18;29.7;7.2;;;;75.2;15.7;986.8;;;;;0.2;;0.7;;1.3;;;;;;;;;0;;
LUG;01.10.1875 00:00;12.2;24.4;2.4;;;;76.9;11.1;978.1;;;;;0.2;;0.7;;190.3;;;;;;;;;152.1;;
LUG;01.11.1875 00:00;5.9;17.8;-1.4;;;;74.5;6.9;978;;;;;0.4;;1.4;;73.6;;;;;;;;;422.3;;
LUG;01.12.1875 00:00;1.9;13.5;-5.8;;;;80.3;5.7;984.5;;;;;0.2;;0.7;;20.1;;;;;;;;;560.1;;
LUG;01.01.1876 00:00;1.5;12.4;-4.8;;;;83.4;5.8;990.9;;;;;0.2;;0.7;;90.8;;;;;;;;;573.5;;
LUG;01.02.1876 00:00;4.3;19.2;-4.8;;;;71.2;6.1;981.7;;;;;0.4;;1.4;;8.5;;;;;;;;;446.6;;
LUG;01.03.1876 00:00;7.8;19.8;-1.6;;;;66.5;7.2;974.5;;;;;0.6;;2.2;;96.3;;;;;;;;;377.4;;
LUG;01.04.1876 00:00;11.5;23.6;2.4;;;;72.3;9.7;980.3;;;;;0.6;;2.2;;501.6;;;;;;;;;152.9;;
LUG;01.05.1876 00:00;13.1;26.1;5.7;;;;75.2;11.4;981;;;;;0.6;;2.2;;168.1;;;;;;;;;121.7;;
LUG;01.06.1876 00:00;18.9;30.6;10.5;;;;74.6;16.5;980.5;;;;;0.1;;0.4;;283.7;;;;;;;;;0;;
LUG;01.07.1876 00:00;22.3;32.2;12.5;;;;70.1;19.1;984.3;;;;;0.2;;0.7;;92;;;;;;;;;0;;
LUG;01.08.1876 00:00;21.2;31.2;8.4;;;;75.3;19.4;983.2;;;;;0.2;;0.7;;174.6;;;;;;;;;0;;
LUG;01.09.1876 00:00;15.9;26.2;6.1;;;;80.9;14.9;981.6;;;;;0.1;;0.4;;61.3;;;;;;;;;25.5;;
LUG;01.10.1876 00:00;13.9;24.2;4;;;;81.6;13.3;983.9;;;;;0.1;;0.4;;88.1;;;;;;;;;95.3;;
LUG;01.11.1876 00:00;5.4;15.2;-4.4;;;;75;6.9;982.3;;;;;0.4;;1.4;;61.6;;;;;;;;;437.4;;
LUG;01.12.1876 00:00;4.2;12.2;-2.7;;;;84.8;7.2;977.5;;;;;0.1;;0.4;;140.9;;;;;;;;;488.9;;
LUG;01.01.1877 00:00;4.5;12.4;-2.6;;;;75.7;6.5;986.3;;;;;0.2;;0.7;;79.2;;;;;;;;;481.6;;
LUG;01.02.1877 00:00;5.3;21.6;-3;;;;59.5;5.3;981.7;;;;;0.8;;2.9;;17.7;;;;;;;;;412.5;;
LUG;01.03.1877 00:00;5.4;20.8;-4.4;;;;73;6.8;976.4;;;;;0.8;;2.9;;269;;;;;;;;;444.6;;
LUG;01.04.1877 00:00;11.6;22;1.5;;;;75.8;10.5;975.2;;;;;0.8;;2.9;;165.8;;;;;;;;;157.7;;
LUG;01.05.1877 00:00;13.8;24.8;5.6;;;;75.7;12;979.3;;;;;0.6;;2.2;;374.8;;;;;;;;;53;;
LUG;01.06.1877 00:00;21.4;31.5;11.2;;;;73.5;19.1;986;;;;;0.4;;1.4;;85.3;;;;;;;;;0;;
LUG;01.07.1877 00:00;20.8;30.3;11.6;;;;77.5;19.2;983.7;;;;;0.4;;1.4;;384.8;;;;;;;;;0;;
LUG;01.08.1877 00:00;22.1;31.6;12.2;;;;79.5;21.6;983.3;;;;;0.2;;0.7;;123.2;;;;;;;;;0;;
LUG;01.09.1877 00:00;16.3;28.5;4.4;;;;81.2;15.6;982.8;;;;;0.2;;0.7;;114.2;;;;;;;;;28.2;;
LUG;01.10.1877 00:00;9.6;21.5;1;;;;83;10.3;985.9;;;;;0.2;;0.7;;44.3;;;;;;;;;278.3;;
LUG;01.11.1877 00:00;7.2;18.4;0.1;;;;87.4;9.1;982.2;;;;;0.2;;0.7;;194.5;;;;;;;;;378.2;;
LUG;01.12.1877 00:00;3.2;12.8;-4.4;;;;78.9;6.2;984.2;;;;;0.1;;0.4;;25.6;;;;;;;;;521.2;;
LUG;01.01.1878 00:00;2.5;17.4;-7.9;;;;75.1;5.4;985.3;;;;;0.4;;1.4;;10.5;;;;;;;;;535.6;;
LUG;01.02.1878 00:00;5;17.8;-4;;;;76.6;6.9;991.8;;;;;0;;0;;1.1;;;;;;;;;420;;
LUG;01.03.1878 00:00;7.6;23.9;-4.4;;;;65.7;6.9;981.1;;;;;1.1;;4;;115.4;;;;;;;;;361.8;;
LUG;01.04.1878 00:00;11.8;22.6;1;;;;78.4;11.1;979.4;;;;;0.1;;0.4;;75;;;;;;;;;153.4;;
LUG;01.05.1878 00:00;16.6;26.8;6.4;;;;79;15;981.1;;;;;0.1;;0.4;;136.2;;;;;;;;;8.6;;
LUG;01.06.1878 00:00;19.1;27.2;9.5;;;;80.6;18.1;982.8;;;;;0;;0;;27.8;;;;;;;;;0;;
LUG;01.07.1878 00:00;21.7;31.4;12.4;;;;75.1;19.9;981.1;;;;;0.2;;0.7;;37.7;;;;;;;;;0;;
LUG;01.08.1878 00:00;20.5;28;11.2;;;;84.8;21.1;980.2;;;;;0.1;;0.4;;391.6;;;;;;;;;0;;
LUG;01.09.1878 00:00;18.2;28.2;8.8;;;;82.8;18.1;982.3;;;;;0.2;;0.7;;248.4;;;;;;;;;0;;
LUG;01.10.1878 00:00;12.6;24.2;0.2;;;;86.5;13.2;982.7;;;;;0.2;;0.7;;330.2;;;;;;;;;93.1;;
LUG;01.11.1878 00:00;5.6;16.4;-1.7;;;;80;7.4;979;;;;;0.2;;0.7;;214.2;;;;;;;;;426.3;;
LUG;01.12.1878 00:00;0.7;11.8;-6.8;;;;83.2;5.5;977.1;;;;;0.1;;0.4;;27.3;;;;;;;;;597;;
LUG;01.01.1879 00:00;1.6;10.8;-5.2;;;;87.5;6.3;983.9;;;;;0;;0;;66.7;;;;;;;;;569;;
LUG;01.02.1879 00:00;4.8;15.6;-1.2;;;;81.6;7.1;971.8;;;;;0.2;;0.7;;101.3;;;;;;;;;426.7;;
LUG;01.03.1879 00:00;8;19.4;-0.4;;;;75;8.2;982.4;;;;;0.2;;0.7;;111.5;;;;;;;;;373.2;;
LUG;01.04.1879 00:00;9.5;20;2.3;;;;72.1;8.6;972.4;;;;;0.4;;1.4;;317.9;;;;;;;;;286.6;;
LUG;01.05.1879 00:00;12.5;22.8;4.5;;;;86.6;12.8;980;;;;;0.6;;2.2;;487.5;;;;;;;;;118.7;;
LUG;01.06.1879 00:00;19.8;31.4;10.4;;;;70.7;16.4;983;;;;;0.1;;0.4;;154.9;;;;;;;;;0;;
LUG;01.07.1879 00:00;19.9;29.4;10.1;;;;73.1;17.4;980.9;;;;;0.4;;1.4;;95.3;;;;;;;;;0;;
LUG;01.08.1879 00:00;22.6;33.3;13;;;;77.5;21.5;982.3;;;;;0;;0;;210.3;;;;;;;;;0;;
LUG;01.09.1879 00:00;17.5;30.1;7.4;;;;81.7;16.9;983.8;;;;;0.2;;0.7;;252.4;;;;;;;;;9;;
LUG;01.10.1879 00:00;12;22.4;1.2;;;;78.8;11.6;984.9;;;;;0.2;;0.7;;13.4;;;;;;;;;166.7;;
LUG;01.11.1879 00:00;4.8;;;;;;74.5;6.4;983.6;;;;;0.8;;2.9;;130.3;;;;;;;;;450.8;;
LUG;01.12.1879 00:00;-2.1;6.8;-11;;;;87.9;4.8;991.6;;;;;0.2;;0.7;;7.6;;;;;;;;;683.7;;
LUG;01.01.1880 00:00;-0.7;13.2;-7.6;;;;84.9;5;993.1;;;;;0.2;;0.7;;0;;;;;;;;;642.5;;
LUG;01.02.1880 00:00;3.5;13.3;-3.1;;;;83.5;6.7;984.7;;;;;0.1;;0.4;;97.8;;;;;;;;;477.5;;
LUG;01.03.1880 00:00;8.7;21.2;-1.6;;;;69.2;7.8;987.7;;;;;0.1;;0.4;;2.3;;;;;;;;;338.1;;
LUG;01.04.1880 00:00;11.9;23.6;3.8;;;;78.9;11.1;979.4;;;;;0.1;;0.4;;139.6;;;;;;;;;187.7;;
LUG;01.05.1880 00:00;14.8;29.6;4.5;;;;73.8;12.7;979.5;;;;;0.2;;0.7;;87.8;;;;;;;;;44.1;;
LUG;01.06.1880 00:00;17.9;27.6;9.4;;;;77.8;16.3;981.2;;;;;0.2;;0.7;;292.8;;;;;;;;;9;;
LUG;01.07.1880 00:00;23.3;32.4;12.4;;;;67.8;19.9;983.1;;;;;0.1;;0.4;;98.5;;;;;;;;;0;;
LUG;01.08.1880 00:00;20.1;28.2;11;;;;76.3;18.2;980.2;;;;;0.2;;0.7;;240.8;;;;;;;;;0;;
LUG;01.09.1880 00:00;18;31.6;8.4;;;;80.8;17.2;984.7;;;;;0.1;;0.4;;221;;;;;;;;;0;;
LUG;01.10.1880 00:00;13.1;22.2;1.6;;;;84.3;13;981.8;;;;;0.2;;0.7;;287.5;;;;;;;;;118.5;;
LUG;01.11.1880 00:00;7;14;0.1;;;;87.6;9;986;;;;;0;;0;;137.7;;;;;;;;;389;;
LUG;01.12.1880 00:00;5.8;19.8;-1;;;;80.7;7.5;984.7;;;;;0.4;;1.4;;25.1;;;;;;;;;429.6;;
LUG;01.01.1881 00:00;0.3;10;-7;;;;86.2;5.5;978.6;;;;;0.1;;0.4;;77;;;;;;;;;609.3;;
LUG;01.02.1881 00:00;4.1;13.4;-3.6;;;;82;6.8;980.8;;;;;0.2;;0.7;;20.2;;;;;;;;;445.2;;
LUG;01.03.1881 00:00;8;23.8;-1.4;;;;73.7;8;981.4;;;;;0.4;;1.4;;39.9;;;;;;;;;333.8;;
LUG;01.04.1881 00:00;11.4;20;2.2;;;;77.7;10.5;978.1;;;;;0.4;;1.4;;249.6;;;;;;;;;194.2;;
LUG;01.05.1881 00:00;15.4;26;2.8;;;;68.3;11.9;982.8;;;;;0.6;;2.2;;92.5;;;;;;;;;27.4;;
LUG;01.06.1881 00:00;18.7;30.2;7;;;;71.1;15.8;981.2;;;;;0.4;;1.4;;112.3;;;;;;;;;0;;
LUG;01.07.1881 00:00;24.2;37;11.8;;;;63.7;19.3;984.3;;;;;0.2;;0.7;;21;;;;;;;;;0;;
LUG;01.08.1881 00:00;22.7;35.4;11.2;;;;63.3;17.5;980.8;;;;;0.6;;2.2;;94.4;;;;;;;;;0;;
LUG;01.09.1881 00:00;16.1;25.6;8.8;;;;82;15.2;981.6;;;;;0.2;;0.7;;172.8;;;;;;;;;0;;
LUG;01.10.1881 00:00;9.9;20.4;0.3;;;;85.5;10.6;979;;;;;0.2;;0.7;;120.1;;;;;;;;;247.5;;
LUG;01.11.1881 00:00;7.1;23.2;-0.4;;;;86.6;8.9;990.2;;;;;0.1;;0.4;;183.2;;;;;;;;;386.7;;
LUG;01.12.1881 00:00;3.3;10.6;-4;;;;87.6;6.9;986.7;;;;;0.1;;0.4;;95.1;;;;;;;;;516.7;;
LUG;01.01.1882 00:00;2.6;12.2;-2.4;;;;85.9;6.5;996.5;;;;;0;;0;;25.9;;;;;;;;;540.4;;
LUG;01.02.1882 00:00;4.6;17.2;-4;;;;72.1;6.2;992.6;;;;;0.2;;0.7;;20.9;;;;;;;;;431.1;;
LUG;01.03.1882 00:00;9.7;23.8;0.2;;;;74.8;9;984.2;;;;;0.4;;1.4;;96.8;;;;;;;;;277.4;;
LUG;01.04.1882 00:00;11.3;24.2;1.2;;;;75.6;10.2;979;;;;;0.4;;1.4;;156.3;;;;;;;;;201.8;;
LUG;01.05.1882 00:00;15.7;29.8;4.2;;;;79.7;14.7;983.5;;;;;0.2;;0.7;;103.5;;;;;;;;;39.6;;
LUG;01.06.1882 00:00;19.2;29;6.8;;;;76.1;17.4;982.1;;;;;0.2;;0.7;;140.8;;;;;;;;;8.4;;
LUG;01.07.1882 00:00;21.3;32.4;11.6;;;;76.9;19.9;980.6;;;;;0.6;;2.2;;148.9;;;;;;;;;0;;
LUG;01.08.1882 00:00;20.8;31;10.2;;;;76.4;19.1;980.6;;;;;0.2;;0.7;;107;;;;;;;;;0;;
LUG;01.09.1882 00:00;15.1;27;6;;;;88.8;15.7;979;;;;;0.1;;0.4;;591.8;;;;;;;;;45.2;;
LUG;01.10.1882 00:00;12.2;21.8;3.4;;;;90.8;13.3;981.5;;;;;0.2;;0.7;;458.2;;;;;;;;;157.4;;
LUG;01.11.1882 00:00;6.3;16.4;-2.2;;;;85.2;8.5;979.8;;;;;0.2;;0.7;;23.3;;;;;;;;;411;;
LUG;01.12.1882 00:00;3.8;11.5;-4;;;;93.5;7.7;979.1;;;;;0.1;;0.4;;124;;;;;;;;;502.1;;
LUG;01.01.1883 00:00;2.6;13.5;-5.2;;;;92.4;6.9;985.6;;;;;0.2;;0.7;;110.8;;;;;;;;;540.2;;
LUG;01.02.1883 00:00;6.6;21.4;-1.5;;;;89.6;8.8;991.3;;;;;0.4;;1.4;;57.2;;;;;;;;;353.8;;
LUG;01.03.1883 00:00;4.7;20.8;-6;;;;87.2;7.7;976.4;;;;;0.6;;2.2;;59.6;;;;;;;;;469.8;;
LUG;01.04.1883 00:00;11;23.6;0.9;;;;85.8;11.6;980.5;;;;;0.4;;1.4;;124.9;;;;;;;;;202.1;;
LUG;01.05.1883 00:00;16.1;29.6;2.3;;;;86.6;16.3;981.1;;;;;0.2;;0.7;;182.1;;;;;;;;;48.2;;
LUG;01.06.1883 00:00;18.5;27.8;8.6;;;;87.7;19.2;982.2;;;;;0.1;;0.4;;349.5;;;;;;;;;0;;
LUG;01.07.1883 00:00;20.8;31.3;9.8;;;;85.6;21.9;982.4;;;;;0.2;;0.7;;331.3;;;;;;;;;0;;
LUG;01.08.1883 00:00;20.7;30.7;9.8;;;;85.5;21.6;985.2;;;;;0.1;;0.4;;58.8;;;;;;;;;0;;
LUG;01.09.1883 00:00;16.7;24.7;4.6;;;;90.9;17.9;982;;;;;0;;0;;303.4;;;;;;;;;8.1;;
LUG;01.10.1883 00:00;11.1;20.6;0.5;;;;85.4;11.7;986.4;;;;;0.1;;0.4;;77.9;;;;;;;;;193;;
LUG;01.11.1883 00:00;5.9;17.8;-1.6;;;;79.8;7.6;986.5;;;;;0.1;;0.4;;82.2;;;;;;;;;424.2;;
LUG;01.12.1883 00:00;2.3;14.2;-5.6;;;;79.6;5.8;986.1;;;;;0.2;;0.7;;6;;;;;;;;;550;;
LUG;01.01.1884 00:00;3.4;15.5;-2.6;;;;72.1;5.5;991.7;;;;;0.2;;0.7;;4.7;;;;;;;;;506.8;;
LUG;01.02.1884 00:00;4.9;14.6;-4;;;;80.2;7;989.3;;;;;0;;0;;38.5;;;;;;;;;438;;
LUG;01.03.1884 00:00;9.3;20.2;1.5;;;;69.6;8.1;984;;;;;0.2;;0.7;;13.8;;;;;;;;;301;;
LUG;01.04.1884 00:00;11.3;19.8;5;;;;76.5;10.3;975.4;;;;;0.1;;0.4;;136.9;;;;;;;;;201.2;;
LUG;01.05.1884 00:00;17.1;27.3;6;;;;72.1;14.3;985.3;;;;;0.1;;0.4;;155.8;;;;;;;;;8.8;;
LUG;01.06.1884 00:00;16.9;27.2;7;;;;69.2;13.4;981.2;;;;;0.2;;0.7;;182.6;;;;;;;;;8.1;;
LUG;01.07.1884 00:00;22.4;32.4;12;;;;66.1;18.5;985;;;;;0.2;;0.7;;145.7;;;;;;;;;0;;
LUG;01.08.1884 00:00;21.8;32.4;11.5;;;;70.2;18.9;985;;;;;0.2;;0.7;;82.8;;;;;;;;;0;;
LUG;01.09.1884 00:00;17.1;26;9.3;;;;82.5;16.4;988.1;;;;;0.1;;0.4;;181.9;;;;;;;;;0;;
LUG;01.10.1884 00:00;10.9;23;1.6;;;;76.2;10.2;985.6;;;;;0.1;;0.4;;44;;;;;;;;;229.4;;
LUG;01.11.1884 00:00;4.8;16;-4;;;;74.8;6.7;988.7;;;;;0.1;;0.4;;2.8;;;;;;;;;456.9;;
LUG;01.12.1884 00:00;3.4;14.2;-4.7;;;;74.9;5.9;983.8;;;;;0.1;;0.4;;46.8;;;;;;;;;513.1;;
LUG;01.01.1885 00:00;0.9;7.5;-6.4;;;;80.6;5.3;985.1;;;;;0.1;;0.4;;74;;;;;;;;;591.9;;
LUG;01.02.1885 00:00;4.7;16.7;-2;;;;79.8;6.9;985;;;;;0;;0;;127.9;;;;;;;;;427.7;;
LUG;01.03.1885 00:00;7.8;17.8;0;;;;72.7;7.8;981.9;;;;;0.1;;0.4;;97.4;;;;;;;;;378.1;;
LUG;01.04.1885 00:00;11.6;23.5;1.2;;;;74.7;10.3;977.3;;;;;0.1;;0.4;;344.1;;;;;;;;;211.2;;
LUG;01.05.1885 00:00;13.9;28.8;3;;;;70;11.5;980.9;;;;;0.4;;1.4;;179.3;;;;;11796;;;;97;;
LUG;01.06.1885 00:00;21.7;32.9;11;;;;59.6;15.9;984.1;;;;;0.2;;0.7;;32.2;;;;;19710;;;;0;;
LUG;01.07.1885 00:00;23;31.6;14.5;;;;68;19.3;985.6;;;;;0.1;;0.4;;120.3;;;;;19518;;;;0;;
LUG;01.08.1885 00:00;21;30.2;11;;;;73;18.6;981.5;;;;;0.1;;0.4;;214.9;;;;;15438;;;;0;;
LUG;01.09.1885 00:00;17.4;26.6;4.3;;;;76.7;15.6;984.2;;;;;0.2;;0.7;;320.5;;;;;12210;;;;0;;
LUG;01.10.1885 00:00;10.7;22;0.4;;;;81.7;10.7;979.4;;;;;0.1;;0.4;;325;;;;;7572;;;;205.4;;
LUG;01.11.1885 00:00;7.5;15.5;0.3;;;;83.9;8.9;983.7;;;;;0.1;;0.4;;108.3;;;;;4422;;;;366.7;;
LUG;01.12.1885 00:00;1.9;14.1;-6.3;;;;74.4;5.5;989.4;;;;;0.2;;0.7;;10.3;;;;;8586;;;;559.8;;
LUG;01.01.1886 00:00;1.4;9.6;-5.8;;;;81.2;5.6;976.1;;;;;0.2;;0.7;;101.7;;;;;5256;;;;576.5;;
LUG;01.02.1886 00:00;3;11.6;-5.5;;;;78.6;6.1;984.7;;;;;0.1;;0.4;;17.5;;;;;7350;;;;475.7;;
LUG;01.03.1886 00:00;6.7;20;-5;;;;64.7;6.6;984.4;;;;;0.2;;0.7;;14.8;;;;;11850;;;;391;;
LUG;01.04.1886 00:00;12.2;23.4;3;;;;70.3;10;982;;;;;0.4;;1.4;;117.9;;;;;10062;;;;130.5;;
LUG;01.05.1886 00:00;16.1;30.1;2.3;;;;64.1;12;984.5;;;;;0.6;;2.2;;142;;;;;16218;;;;8;;
LUG;01.06.1886 00:00;18.3;28;8.5;;;;72.6;15.5;979.5;;;;;0.2;;0.7;;116.1;;;;;12990;;;;0;;
LUG;01.07.1886 00:00;21.6;32.8;11;;;;70.9;18.7;983.8;;;;;0.1;;0.4;;130.7;;;;;18426;;;;0;;
LUG;01.08.1886 00:00;20.8;29.6;11.6;;;;74.8;18.8;983.5;;;;;0.1;;0.4;;127.9;;;;;16506;;;;0;;
LUG;01.09.1886 00:00;18.9;30.1;9.1;;;;77.5;17.4;987;;;;;0;;0;;74.1;;;;;13836;;;;0;;
LUG;01.10.1886 00:00;13;24.8;4;;;;84.9;13.1;984.8;;;;;0.1;;0.4;;355.4;;;;;7896;;;;109.2;;
LUG;01.11.1886 00:00;7.1;17.6;-2;;;;82.3;8.6;984.7;;;;;0.1;;0.4;;326.8;;;;;6426;;;;381.3;;
LUG;01.12.1886 00:00;2.8;9.4;-6.4;;;;76.8;5.9;978.2;;;;;0.4;;1.4;;258.8;;;;;6144;;;;534.1;;
LUG;01.01.1887 00:00;-0.4;8.2;-10;;;;79.1;4.9;987;;;;;0;;0;;89.7;;;;;9294;;;;632.7;;
LUG;01.02.1887 00:00;1.6;15;-8.5;;;;74.8;5.3;992.8;;;;;0;;0;;7.7;;;;;10122;;;;514.7;;
LUG;01.03.1887 00:00;6.9;18.2;-3.8;;;;69.9;7;983.2;;;;;0.4;;1.4;;97;;;;;11550;;;;404.6;;
LUG;01.04.1887 00:00;10.4;21.2;0;;;;67.9;8.8;982.1;;;;;0.2;;0.7;;220.1;;;;;10056;;;;227.5;;
LUG;01.05.1887 00:00;13.9;24.6;2.2;;;;67.7;10.8;981.9;;;;;0.4;;1.4;;140.6;;;;;9750;;;;106.9;;
LUG;01.06.1887 00:00;20.7;31.2;9;;;;68;16.8;985.7;;;;;0.1;;0.4;;71.6;;;;;18348;;;;0;;
LUG;01.07.1887 00:00;23;31.3;12.5;;;;71.8;20.6;985.7;;;;;0.1;;0.4;;105.4;;;;;17640;;;;0;;
LUG;01.08.1887 00:00;21.3;33.4;9.7;;;;70.7;18.4;983.3;;;;;0.2;;0.7;;207.4;;;;;17340;;;;0;;
LUG;01.09.1887 00:00;16.9;27;7.1;;;;82;16.4;982.4;;;;;0.1;;0.4;;325;;;;;12114;;;;26.8;;
LUG;01.10.1887 00:00;9.5;19.2;-1.5;;;;71.7;8.9;983.3;;;;;0.6;;2.2;;114.5;;;;;10380;;;;304.5;;
LUG;01.11.1887 00:00;5.7;15.2;-1.4;;;;84;7.8;978.3;;;;;0.2;;0.7;;308.5;;;;;4440;;;;430.2;;
LUG;01.12.1887 00:00;1.6;12.4;-8;;;;72;5.2;980.1;;;;;0.4;;1.4;;44.1;;;;;7434;;;;570.9;;
LUG;01.01.1888 00:00;1.5;18.4;-9;;;;70.1;4.8;989.8;;;;;0.4;;1.4;;0;;;;;9420;;;;572.4;;
LUG;01.02.1888 00:00;2.5;19.4;-9;;;;75.9;5.5;977;;;;;0.2;;0.7;;391;;;;;6036;;;;495.8;;
LUG;01.03.1888 00:00;5.3;13.8;-5;;;;74.9;6.9;975.4;;;;;0.4;;1.4;;219;;;;;9090;;;;449;;
LUG;01.04.1888 00:00;10.3;24.7;0.5;;;;68.4;8.6;978.2;;;;;0.4;;1.4;;304.9;;;;;8532;;;;252.3;;
LUG;01.05.1888 00:00;16.7;26.8;6.2;;;;69;13.3;985.2;;;;;0.1;;0.4;;107.2;;;;;14976;;;;9;;
LUG;01.06.1888 00:00;19.7;31;8.5;;;;70.9;16.6;982.2;;;;;0.1;;0.4;;292.9;;;;;14034;;;;0;;
LUG;01.07.1888 00:00;19.7;28.9;9;;;;70.8;16.6;980.6;;;;;0.2;;0.7;;235.3;;;;;15378;;;;0;;
LUG;01.08.1888 00:00;20.4;32.2;9.5;;;;64.9;16;985.1;;;;;0.4;;1.4;;145.6;;;;;16908;;;;0;;
LUG;01.09.1888 00:00;17.9;26.2;9.5;;;;80.4;16.8;987.1;;;;;0.1;;0.4;;301.9;;;;;8364;;;;0;;
LUG;01.10.1888 00:00;10.5;24.2;0.8;;;;75;9.9;985.2;;;;;0.6;;2.2;;81.5;;;;;11382;;;;275.7;;
LUG;01.11.1888 00:00;6.3;17;-1.5;;;;85.1;8.3;986;;;;;0.1;;0.4;;277.5;;;;;4578;;;;410.9;;
LUG;01.12.1888 00:00;2.5;13.1;-5.4;;;;86.5;6.6;989.9;;;;;0;;0;;112.1;;;;;7560;;;;543.1;;
LUG;01.01.1889 00:00;1.3;13.4;-7;;;;81.4;5.6;987.1;;;;;0.1;;0.4;;47.4;;;;;6984;;;;578.2;;
LUG;01.02.1889 00:00;2.4;14.4;-6.3;;;;61.2;4.4;975.1;;;;;0.8;;2.9;;9.3;;;;;10218;;;;493;;
LUG;01.03.1889 00:00;6.4;20.2;-4;;;;62.7;6;980.3;;;;;1.1;;4;;118.4;;;;;10566;;;;406.1;;
LUG;01.04.1889 00:00;10.2;23.4;0.8;;;;68.6;8.6;975.5;;;;;0.6;;2.2;;382.1;;;;;10134;;;;258.2;;
LUG;01.05.1889 00:00;15.9;27.2;8.1;;;;80.4;14.7;980.6;;;;;0;;0;;168.2;;;;;7368;;;;0;;
LUG;01.06.1889 00:00;20.2;29.7;11;;;;76.1;18.2;982.3;;;;;0.1;;0.4;;183.5;;;;;12228;;;;0;;
LUG;01.07.1889 00:00;21;31.2;12;;;;69.5;17.8;982.6;;;;;0.2;;0.7;;279.6;;;;;18252;;;;0;;
LUG;01.08.1889 00:00;20.3;29.7;8.6;;;;77.2;19.2;983.8;;;;;0;;0;;294.7;;;;;17100;;;;0;;
LUG;01.09.1889 00:00;16.7;28.7;3.5;;;;75.8;15.4;982.7;;;;;0.1;;0.4;;125.8;;;;;13812;;;;26.2;;
LUG;01.10.1889 00:00;12;20.5;2.5;;;;86.3;12.3;980.3;;;;;0.2;;0.7;;587;;;;;5112;;;;185.7;;
LUG;01.11.1889 00:00;6.3;20.8;-3.4;;;;82.4;8.3;991.1;;;;;0.1;;0.4;;46.6;;;;;9102;;;;401.9;;
LUG;01.12.1889 00:00;1.3;10.8;-6.2;;;;80.3;5.5;989.9;;;;;0.1;;0.4;;69.4;;;;;6588;;;;580.4;;
LUG;01.01.1890 00:00;3.2;15.6;-3.3;;;;82.8;6.4;988.8;;;;;0.2;;0.7;;26.3;;;;;8406;;;;520;;
LUG;01.02.1890 00:00;2.2;12.6;-6.7;;;;76.2;5.6;988;;;;;0.1;;0.4;;23.9;;;;;8106;;;;498;;
LUG;01.03.1890 00:00;7.3;24.6;-7.1;;;;67.9;7.3;980.9;;;;;0.2;;0.7;;164.2;;;;;10530;;;;370.7;;
LUG;01.04.1890 00:00;10.9;22.7;0.8;;;;67;8.7;977;;;;;0.4;;1.4;;160.2;;;;;8880;;;;227.5;;
LUG;01.05.1890 00:00;15.7;27.6;4.5;;;;76.8;13.9;979;;;;;0;;0;;340.1;;;;;11772;;;;37.3;;
LUG;01.06.1890 00:00;19.7;30;7.6;;;;64.9;15.1;984;;;;;0.2;;0.7;;259.6;;;;;17574;;;;0;;
LUG;01.07.1890 00:00;20.1;31.3;9.5;;;;70.3;16.9;982.4;;;;;0.2;;0.7;;367.8;;;;;16494;;;;0;;
LUG;01.08.1890 00:00;20.6;31.2;8.7;;;;74.7;18.8;982.5;;;;;0.2;;0.7;;375.8;;;;;15324;;;;0;;
LUG;01.09.1890 00:00;16.9;25.2;7.3;;;;74.7;14.5;989.5;;;;;0.2;;0.7;;295.4;;;;;12186;;;;0;;
LUG;01.10.1890 00:00;11.6;24.4;-1.1;;;;73.4;10.8;986.2;;;;;0.2;;0.7;;14.1;;;;;10626;;;;189.6;;
LUG;01.11.1890 00:00;6;15.5;-2.5;;;;79.6;7.6;980.2;;;;;0.1;;0.4;;38.2;;;;;7032;;;;420.9;;
LUG;01.12.1890 00:00;0.3;8.2;-9.2;;;;82.5;5.5;982.8;;;;;0;;0;;93.9;;;;;4488;;;;609.5;;
LUG;01.01.1891 00:00;-0.8;7.8;-11.8;;;;71.8;4.3;984.6;;;;;0.4;;1.4;;1.9;;;;;9150;;;;644.2;;
LUG;01.02.1891 00:00;2.7;21.3;-7.5;;;;67.4;4.9;995.7;;;;;0.2;;0.7;;0;;;;;12462;;;;484.7;;
LUG;01.03.1891 00:00;6.5;17.5;-3.4;;;;71.5;6.9;979.9;;;;;0.4;;1.4;;196.7;;;;;9300;;;;418.6;;
LUG;01.04.1891 00:00;10.6;20.8;0.1;;;;60.9;7.8;979.8;;;;;0.4;;1.4;;139;;;;;10920;;;;245;;
LUG;01.05.1891 00:00;14.7;25.7;2.5;;;;77.6;13.2;979.2;;;;;0.1;;0.4;;393.7;;;;;8814;;;;35.5;;
LUG;01.06.1891 00:00;19.5;32.6;8.5;;;;70.5;16.3;983.7;;;;;0.2;;0.7;;128.2;;;;;14670;;;;0;;
LUG;01.07.1891 00:00;21.3;32.7;11.5;;;;74.3;19.3;982.3;;;;;0.1;;0.4;;269.9;;;;;17082;;;;0;;
LUG;01.08.1891 00:00;19.5;30;8.5;;;;78.2;18.2;983;;;;;0.1;;0.4;;281.4;;;;;14382;;;;0;;
LUG;01.09.1891 00:00;17.9;28.6;5;;;;77.7;16.5;987.3;;;;;0;;0;;117.9;;;;;16146;;;;0;;
LUG;01.10.1891 00:00;13.5;23;-1.8;;;;86.5;14;982.9;;;;;0.1;;0.4;;401.1;;;;;6576;;;;62.8;;
LUG;01.11.1891 00:00;6;14;-3.5;;;;86;8.3;982.9;;;;;0;;0;;237;;;;;6498;;;;420.8;;
LUG;01.12.1891 00:00;2.8;13.6;-7.5;;;;77;5.9;989.1;;;;;0.2;;0.7;;73.8;;;;;8940;;;;533.7;;
LUG;01.01.1892 00:00;2;13.8;-6;;;;77.4;5.5;979.5;;;;;0.2;;0.7;;57.8;;;;;5820;;;;556.5;;
LUG;01.02.1892 00:00;4.5;16.4;-4;;;;72.1;6.1;977.5;;;;;0.6;;2.2;;193.8;;;;;6996;;;;448.1;;
LUG;01.03.1892 00:00;5.4;18.7;-5;;;;71.6;6.7;980.4;;;;;0.2;;0.7;;177.2;;;;;9828;;;;453.7;;
LUG;01.04.1892 00:00;12.7;26.2;1.5;;;;63.5;9.3;979.7;;;;;0.6;;2.2;;113.3;;;;;11700;;;;139.7;;
LUG;01.05.1892 00:00;16.4;29.8;4;;;;67.7;13;982.4;;;;;0.2;;0.7;;55;;;;;15258;;;;55.5;;
LUG;01.06.1892 00:00;20.6;32;10;;;;70.3;17.1;982.9;;;;;0.2;;0.7;;277.9;;;;;15024;;;;0;;
LUG;01.07.1892 00:00;21.6;31.9;10;;;;69.5;18.3;982.2;;;;;0.1;;0.4;;110.9;;;;;17748;;;;0;;
LUG;01.08.1892 00:00;21.7;34.3;11;;;;73.1;19.1;984.5;;;;;0.1;;0.4;;85.1;;;;;17274;;;;0;;
LUG;01.09.1892 00:00;18.2;27.8;7.5;;;;75.7;16.3;985.4;;;;;0.2;;0.7;;212.7;;;;;12468;;;;0;;
LUG;01.10.1892 00:00;11.3;22.3;-0.5;;;;84.4;11.7;980.3;;;;;0.1;;0.4;;477.4;;;;;6408;;;;178.7;;
LUG;01.11.1892 00:00;6.8;16.6;-3.5;;;;87.7;9;988.6;;;;;0;;0;;72.8;;;;;5202;;;;396;;
LUG;01.12.1892 00:00;1;16.9;-7;;;;75.1;5;982.7;;;;;0.2;;0.7;;5.2;;;;;8406;;;;588.7;;
LUG;01.01.1893 00:00;-0.9;15.5;-11;;;;72.6;4.2;980.4;;;;;0.4;;1.4;;11.5;;;;;8994;;;;649;;
LUG;01.02.1893 00:00;3.7;16.4;-7;;;;72.8;5.8;982.3;;;;;0.2;;0.7;;70.3;;;;;6942;;;;456.4;;
LUG;01.03.1893 00:00;9.7;22.7;-2;;;;55.8;6.4;986.6;;;;;0.8;;2.9;;19.3;;;;;15912;;;;279.9;;
LUG;01.04.1893 00:00;14;30.3;2.5;;;;58.8;9.3;985.4;;;;;0.2;;0.7;;22;;;;;15743;;;;79;;
LUG;01.05.1893 00:00;16;26.8;2.5;;;;66.3;12.1;982.8;;;;;0.2;;0.7;;112;;;;;14592;;;;16.8;;
LUG;01.06.1893 00:00;19.6;30.3;9.5;;;;70.6;16.2;981.8;;;;;0.2;;0.7;;77.1;;;;;16986;;;;0;;
LUG;01.07.1893 00:00;21.1;32.3;10.5;;;;72.5;18.2;981.2;;;;;0.1;;0.4;;90.5;;;;;13506;;;;0;;
LUG;01.08.1893 00:00;22;34.8;11.5;;;;69.3;18.3;985.1;;;;;0.4;;1.4;;6.1;;;;;18564;;;;0;;
LUG;01.09.1893 00:00;18.1;29.4;9;;;;76.9;15.9;982.5;;;;;0.2;;0.7;;167.5;;;;;10032;;;;0;;
LUG;01.10.1893 00:00;13.3;24.2;3.5;;;;86.5;13.5;984.7;;;;;0;;0;;138;;;;;11004;;;;116.2;;
LUG;01.11.1893 00:00;6.5;17.4;-2;;;;87.2;8.7;980.4;;;;;0.1;;0.4;;80.6;;;;;5358;;;;404.9;;
LUG;01.12.1893 00:00;3.1;14;-8;;;;82.3;6.4;987.6;;;;;0.1;;0.4;;85.6;;;;;7938;;;;525.4;;
LUG;01.01.1894 00:00;0.5;8.3;-9;;;;86.5;5.6;986.4;;;;;0;;0;;96.4;;;;;5628;;;;606;;
LUG;01.02.1894 00:00;3.4;16.5;-5.5;;;;73.8;5.7;988;;;;;0.2;;0.7;;0;;;;;11502;;;;466;;
LUG;01.03.1894 00:00;8.3;19;-1.5;;;;66;7.2;983.3;;;;;0.4;;1.4;;45.8;;;;;13080;;;;362.6;;
LUG;01.04.1894 00:00;13.3;23.8;3;;;;71.2;10.7;980.1;;;;;0.2;;0.7;;127.6;;;;;12444;;;;83.3;;
LUG;01.05.1894 00:00;14.6;25.5;3;;;;78.1;13.1;979.2;;;;;0.1;;0.4;;227.6;;;;;9762;;;;25;;
LUG;01.06.1894 00:00;19.8;31.2;7.5;;;;64.1;15;983.4;;;;;0.4;;1.4;;29.3;;;;;17790;;;;0;;
LUG;01.07.1894 00:00;22.3;32.3;12;;;;71.9;19.4;983.1;;;;;0.1;;0.4;;114.4;;;;;19116;;;;0;;
LUG;01.08.1894 00:00;21;32.7;11.5;;;;69;17.3;984.3;;;;;0.2;;0.7;;82.2;;;;;17934;;;;0;;
LUG;01.09.1894 00:00;16.5;29;6;;;;82.8;15.9;983.6;;;;;0.1;;0.4;;104.3;;;;;11112;;;;0;;
LUG;01.10.1894 00:00;11.7;20.1;1.5;;;;89.2;12.5;982;;;;;0.1;;0.4;;91.8;;;;;9000;;;;193.6;;
LUG;01.11.1894 00:00;7.5;16;-1;;;;90.3;9.6;987.5;;;;;0.1;;0.4;;126.8;;;;;6858;;;;376.2;;
LUG;01.12.1894 00:00;2.3;13.4;-7;;;;79.8;5.8;984.5;;;;;0.2;;0.7;;2.8;;;;;9276;;;;549.5;;
LUG;01.01.1895 00:00;0.1;8.9;-8.5;;;;79.3;5;971.7;;;;;0.4;;1.4;;161.6;;;;;6246;;;;617.4;;
LUG;01.02.1895 00:00;-0.6;9.7;-11;;;;77.3;4.6;977;;;;;0.4;;1.4;;18.5;;;;;8982;;;;575.8;;
LUG;01.03.1895 00:00;6.4;21.4;-6;;;;77.4;7.5;976.7;;;;;0.4;;1.4;;61.9;;;;;12204;;;;392.2;;
LUG;01.04.1895 00:00;12.3;25.5;1.8;;;;79.8;11.3;980.3;;;;;0.2;;0.7;;108.8;;;;;10296;;;;129.7;;
LUG;01.05.1895 00:00;14.9;25.5;3.5;;;;78.7;13.5;983.5;;;;;0.2;;0.7;;229.4;;;;;13590;;;;43.4;;
LUG;01.06.1895 00:00;18.9;31.3;10;;;;78.1;17;984;;;;;0.1;;0.4;;219.5;;;;;12300;;;;0;;
LUG;01.07.1895 00:00;21.9;33;11;;;;75.2;19.8;982.7;;;;;0.1;;0.4;;144.4;;;;;17670;;;;0;;
LUG;01.08.1895 00:00;20.2;31.3;10;;;;70.9;16.8;984.6;;;;;0.1;;0.4;;59.2;;;;;18702;;;;0;;
LUG;01.09.1895 00:00;19.3;32.5;8;;;;71.4;16.2;988.7;;;;;0;;0;;20;;;;;16230;;;;0;;
LUG;01.10.1895 00:00;11.7;23;1.4;;;;76.1;10.8;979.8;;;;;0.4;;1.4;;109.3;;;;;10122;;;;169.2;;
LUG;01.11.1895 00:00;7.5;16;-0.4;;;;89;9.5;988.6;;;;;0;;0;;74.7;;;;;4296;;;;353.4;;
LUG;01.12.1895 00:00;2.8;15.5;-2.5;;;;80;6;978.8;;;;;0.2;;0.7;;60.9;;;;;6342;;;;532.8;;
LUG;01.01.1896 00:00;0.8;18.7;-5;;;;80.2;5.2;990.6;;;;;0.2;;0.7;;0;;;;;9612;;;;587.2;;
LUG;01.02.1896 00:00;3;18.6;-4.8;;;;72.8;5.5;990.5;;;;;0.1;;0.4;;13;;;;;10992;;;;486.9;;
LUG;01.03.1896 00:00;9.6;22.4;-0.6;;;;65.8;7.7;980.1;;;;;0.8;;2.9;;22.9;;;;;12570;;;;277.2;;
LUG;01.04.1896 00:00;11;22.8;1.5;;;;53.5;7;982.5;;;;;1.1;;4;;46.5;;;;;14598;;;;206;;
LUG;01.05.1896 00:00;13.9;27;6;;;;72.7;11.6;980.8;;;;;0.1;;0.4;;78;;;;;13950;;;;66.4;;
LUG;01.06.1896 00:00;17.9;28.2;10;;;;78.7;16.2;982.1;;;;;0;;0;;270.1;;;;;12690;;;;0;;
LUG;01.07.1896 00:00;20.9;31.7;13;;;;76.4;19;982.9;;;;;0;;0;;271.4;;;;;16343;;;;0;;
LUG;01.08.1896 00:00;17.1;27.2;9;;;;82.3;16.1;981.6;;;;;0.1;;0.4;;457;;;;;11148;;;;8.4;;
LUG;01.09.1896 00:00;15.4;26.4;6;;;;86.5;15.4;981.6;;;;;0;;0;;370.5;;;;;11802;;;;19.3;;
LUG;01.10.1896 00:00;10.7;20.2;5;;;;92.1;12.2;981;;;;;0.1;;0.4;;797.1;;;;;4998;;;;202.8;;
LUG;01.11.1896 00:00;5;13;-3;;;;89.8;8.1;982.7;;;;;0;;0;;191;;;;;6510;;;;450.5;;
LUG;01.12.1896 00:00;1.6;8;-3;;;;89.3;6.2;981.3;;;;;0;;0;;144.5;;;;;4080;;;;571.5;;
LUG;01.01.1897 00:00;2.1;9.2;-5;;;;88.1;6.5;978.4;;;;;0.2;;0.7;;285.2;;;;;4338;;;;553.6;;
LUG;01.02.1897 00:00;5.1;16.2;-4;;;;74.3;6.4;988.5;;;;;0.1;;0.4;;2;;;;;9552;;;;417.4;;
LUG;01.03.1897 00:00;8.9;24.4;-1;;;;68.8;7.9;979.1;;;;;0.1;;0.4;;153.4;;;;;12408;;;;300.9;;
LUG;01.04.1897 00:00;11.3;22.4;2;;;;70;9.5;979.3;;;;;0.4;;1.4;;137.3;;;;;9222;;;;170.4;;
LUG;01.05.1897 00:00;15.1;26.6;3.5;;;;64.1;11.3;976.9;;;;;0.8;;2.9;;151.6;;;;;14412;;;;27.4;;
LUG;01.06.1897 00:00;20.6;31;9.5;;;;68.1;16.8;983.7;;;;;0.2;;0.7;;132;;;;;18966;;;;0;;
LUG;01.07.1897 00:00;21.5;30;13.5;;;;69.4;18;981.4;;;;;0.4;;1.4;;161.1;;;;;16800;;;;0;;
LUG;01.08.1897 00:00;19.5;28.5;11;;;;78.7;18.1;983;;;;;0.1;;0.4;;178.3;;;;;15438;;;;0;;
LUG;01.09.1897 00:00;15.5;26;5.2;;;;81.5;14.7;983.6;;;;;0.2;;0.7;;370.7;;;;;11502;;;;29;;
LUG;01.10.1897 00:00;10.8;22.5;2.1;;;;80.7;10.6;987.6;;;;;0.2;;0.7;;102;;;;;11094;;;;228;;
LUG;01.11.1897 00:00;5.5;14;-2.8;;;;86;8;992.9;;;;;0.1;;0.4;;16.3;;;;;6732;;;;435.5;;
LUG;01.12.1897 00:00;1.9;9.5;-4.5;;;;87;6.3;988.9;;;;;0;;0;;85.6;;;;;7062;;;;561;;
LUG;01.01.1898 00:00;2.5;16.4;-2.9;;;;84.7;6.2;995.8;;;;;0.1;;0.4;;57;;;;;9432;;;;542;;
LUG;01.02.1898 00:00;4;16.5;-3.2;;;;65.4;5.3;980.8;;;;;0.4;;1.4;;68;;;;;9480;;;;449.3;;
LUG;01.03.1898 00:00;6.3;22;0.5;;;;78.5;7.5;976;;;;;0.1;;0.4;;245.6;;;;;6732;;;;401.2;;
LUG;01.04.1898 00:00;11.3;22.2;5;;;;72.7;9.7;980.6;;;;;0.4;;1.4;;263.3;;;;;8712;;;;165.6;;
LUG;01.05.1898 00:00;14.1;25;6;;;;72.5;11.6;979.1;;;;;0.2;;0.7;;241.1;;;;;11598;;;;51.1;;
LUG;01.06.1898 00:00;17.5;28.5;8.4;;;;77.3;15.8;982.2;;;;;0.1;;0.4;;296.5;;;;;11154;;;;0;;
LUG;01.07.1898 00:00;20.4;29.5;10.8;;;;66;16;982.8;;;;;0.2;;0.7;;52.8;;;;;19314;;;;0;;
LUG;01.08.1898 00:00;21.9;32;12.5;;;;68.2;18.1;985.6;;;;;0.1;;0.4;;36.1;;;;;18426;;;;0;;
LUG;01.09.1898 00:00;19.5;29;12.5;;;;73.9;16.9;985.8;;;;;0.1;;0.4;;32.2;;;;;14790;;;;0;;
LUG;01.10.1898 00:00;12.6;20.5;6;;;;88.6;13.1;981.7;;;;;0;;0;;267.9;;;;;7530;;;;116.9;;
LUG;01.11.1898 00:00;9.3;15.5;3;;;;88.6;10.6;983.2;;;;;0.1;;0.4;;192.4;;;;;2706;;;;313.7;;
LUG;01.12.1898 00:00;3.1;15.5;-4.6;;;;75.1;5.9;990.2;;;;;0.2;;0.7;;2.2;;;;;10260;;;;522.7;;
LUG;01.01.1899 00:00;4.4;15.7;-1;;;;80.7;6.7;983.8;;;;;0.2;;0.7;;67.8;;;;;5310;;;;476.8;;
LUG;01.02.1899 00:00;4.4;15.5;-3;;;;78.1;6.7;985.8;;;;;0.1;;0.4;;11.3;;;;;9450;;;;435.8;;
LUG;01.03.1899 00:00;7.5;23.8;-2.5;;;;61.5;6.4;983.9;;;;;0.4;;1.4;;32.2;;;;;11784;;;;374.7;;
LUG;01.04.1899 00:00;11.1;23.6;0.7;;;;65.6;8.5;979.9;;;;;0.4;;1.4;;173;;;;;11964;;;;210.8;;
LUG;01.05.1899 00:00;15.4;27;5.5;;;;67.9;12;981.8;;;;;0.2;;0.7;;120.9;;;;;15270;;;;8.9;;
LUG;01.06.1899 00:00;18.8;28.5;9.4;;;;70.8;15.5;981.7;;;;;0;;0;;141.9;;;;;16368;;;;0;;
LUG;01.07.1899 00:00;21.3;30.5;10.3;;;;69.6;17.9;984.3;;;;;0.1;;0.4;;85.4;;;;;20250;;;;0;;
LUG;01.08.1899 00:00;21.2;29.5;13.9;;;;73;18.7;984.8;;;;;0.1;;0.4;;106.3;;;;;18654;;;;0;;
LUG;01.09.1899 00:00;17.1;28.3;7.5;;;;74.1;14.7;981;;;;;0.2;;0.7;;166.9;;;;;12324;;;;16.3;;
LUG;01.10.1899 00:00;11.9;22;4;;;;85.6;12.3;988.7;;;;;0;;0;;23.4;;;;;8130;;;;200;;
LUG;01.11.1899 00:00;6.8;17.8;-1;;;;81.6;8.6;991.7;;;;;0;;0;;14.9;;;;;10362;;;;352.3;;
LUG;01.12.1899 00:00;1.8;18;-6;;;;85.2;6;981.3;;;;;0;;0;;76;;;;;3978;;;;563.3;;
LUG;01.01.1900 00:00;3.5;13.5;-4.8;;;;73;5.6;980.2;;;;;0.6;;2.2;;95.2;;;;;7134;;;;510.2;;
LUG;01.02.1900 00:00;4.7;14;-1.4;;;;79;6.7;976.1;;;;;0.1;;0.4;;148.3;;;;;6306;;;;429;;
LUG;01.03.1900 00:00;5.3;18.5;-4.5;;;;62.5;5.5;977.9;;;;;0.6;;2.2;;159.2;;;;;10800;;;;456.3;;
LUG;01.04.1900 00:00;11.3;27;-1;;;;58.1;7.7;981.2;;;;;0.2;;0.7;;58.6;;;;;13224;;;;190.6;;
LUG;01.05.1900 00:00;14.7;26.4;6;;;;75.6;12.6;979.1;;;;;0;;0;;261.4;;;;;12600;;;;43.4;;
LUG;01.06.1900 00:00;19.8;29;10;;;;70.9;16.5;982;;;;;0.1;;0.4;;58.1;;;;;14298;;;;0;;
LUG;01.07.1900 00:00;22.2;32;10.7;;;;66.4;18.2;983.5;;;;;0.2;;0.7;;95.2;;;;;19656;;;;0;;
LUG;01.08.1900 00:00;18.9;28.3;11.7;;;;77.2;17.1;983.2;;;;;0.1;;0.4;;575.1;;;;;13692;;;;0;;
LUG;01.09.1900 00:00;18;25.2;10;;;;82.8;17.3;988.5;;;;;0;;0;;167.7;;;;;10968;;;;0;;
LUG;01.10.1900 00:00;12.5;21.9;3.9;;;;83.4;12.6;985.8;;;;;0.1;;0.4;;61.6;;;;;10782;;;;147.8;;
LUG;01.11.1900 00:00;7.1;14.5;0.5;;;;90.7;9.4;978.9;;;;;0;;0;;347.6;;;;;3132;;;;386.1;;
LUG;01.12.1900 00:00;3.1;14;-2;;;;79.9;6.2;986.8;;;;;0.1;;0.4;;27.3;;;;;9810;;;;522.4;;
LUG;01.01.1901 00:00;0.6;12.5;-8.4;;;;75.5;4.8;987.6;;;;;0.2;;0.7;;0.3;;;;;9318;65;;;600;;
LUG;01.02.1901 00:00;-1.3;9;-11;;;;72.2;4.1;982.1;;;;;0.1;;0.4;;39.4;;;;;10416;68;;;597.2;;
LUG;01.03.1901 00:00;5;15.4;-3;;;;71.1;6.3;975.9;;;;;0.6;;2.2;;295;;;;;6666;33;;;464.5;;
LUG;01.04.1901 00:00;11.1;23;1;;;;68.2;9;982.5;;;;;0.4;;1.4;;200.8;;;;;10494;48;;;202.3;;
LUG;01.05.1901 00:00;15.2;30;5;;;;71.4;12.4;982.7;;;;;0.1;;0.4;;70.2;;;;;14280;58;;;56.1;;
LUG;01.06.1901 00:00;20.7;32;10.6;;;;64.6;16.2;982.3;;;;;0.2;;0.7;;231.8;;;;;15666;64;;;0;;
LUG;01.07.1901 00:00;20.5;31.8;12.7;;;;74.4;18.1;982.6;;;;;0;;0;;376.1;;;;;15282;62;;;0;;
LUG;01.08.1901 00:00;20.8;30.1;10.6;;;;68.3;17;983.4;;;;;0.2;;0.7;;99.5;;;;;16386;70;;;0;;
LUG;01.09.1901 00:00;17;27;9.3;;;;84.7;16.7;981.6;;;;;0;;0;;133.1;;;;;8292;41;;;0;;
LUG;01.10.1901 00:00;11.5;20.4;4.2;;;;82.2;11.3;982.4;;;;;0.1;;0.4;;265.1;;;;;7056;38;;;186.7;;
LUG;01.11.1901 00:00;5.5;14;-0.6;;;;81.2;7.4;985.9;;;;;0.2;;0.7;;29.6;;;;;7470;51;;;434.2;;
LUG;01.12.1901 00:00;2.3;12;-3.7;;;;83.3;6.1;977.7;;;;;0.1;;0.4;;174.1;;;;;6408;47;;;550.2;;
LUG;01.01.1902 00:00;2.8;18;-3.7;;;;74.5;5.4;988.5;;;;;0.2;;0.7;;35.7;;;;;9390;66;;;533.8;;
LUG;01.02.1902 00:00;3.2;11.5;-3;;;;88.1;6.8;978.9;;;;;0.1;;0.4;;140.6;;;;;4032;26;;;470;;
LUG;01.03.1902 00:00;7.8;21;-0.5;;;;65.2;6.7;980.1;;;;;0.4;;1.4;;80.1;;;;;12312;61;;;357.8;;
LUG;01.04.1902 00:00;12.4;22;3;;;;77.5;11.3;981.1;;;;;0.1;;0.4;;170.6;;;;;8340;38;;;119.8;;
LUG;01.05.1902 00:00;12.9;26.5;3.2;;;;62.4;9.3;980.1;;;;;0.4;;1.4;;125.7;;;;;14502;59;;;142.6;;
LUG;01.06.1902 00:00;17.8;30.5;8;;;;69.3;14.2;981.2;;;;;0.2;;0.7;;190.2;;;;;14184;58;;;0;;
LUG;01.07.1902 00:00;22.1;36;10.5;;;;65.8;17.8;983.6;;;;;0.1;;0.4;;91.2;;;;;18984;76;;;0;;
LUG;01.08.1902 00:00;20.3;29.5;10.9;;;;71.1;17.4;983.4;;;;;0.1;;0.4;;269.9;;;;;15360;66;;;0;;
LUG;01.09.1902 00:00;16.6;28.5;8.5;;;;79.6;15.4;985.5;;;;;0;;0;;145.5;;;;;12882;63;;;0;;
LUG;01.10.1902 00:00;10.5;20.1;3.7;;;;86.2;11.3;983.4;;;;;0.1;;0.4;;174.7;;;;;8058;46;;;227.3;;
LUG;01.11.1902 00:00;4.9;14.5;-2.9;;;;89;8;984.8;;;;;0;;0;;90;;;;;6234;42;;;452.6;;
LUG;01.12.1902 00:00;2.8;12;-2.9;;;;78.8;5.9;984.9;;;;;0.2;;0.7;;66.8;;;;;6546;49;;;533.8;;
LUG;01.01.1903 00:00;0.1;8;-7.6;;;;81;5.2;990.7;;;;;0;;0;;87.6;;;;;8532;59;;;617.1;;
LUG;01.02.1903 00:00;4;14.5;-3.5;;;;73.2;5.9;993.1;;;;;0.2;;0.7;;29.8;;;;;10326;69;;;448.9;;
LUG;01.03.1903 00:00;8.3;20.2;-1.5;;;;64.2;7;986;;;;;0.2;;0.7;;72.3;;;;;12162;61;;;347.8;;
LUG;01.04.1903 00:00;9.3;22.9;-1;;;;59.3;7;976.2;;;;;0.8;;2.9;;158.5;;;;;11904;55;;;296.9;;
LUG;01.05.1903 00:00;14.4;29;5.9;;;;76.5;12.6;981.1;;;;;0.1;;0.4;;373.7;;;;;12690;52;;;87.2;;
LUG;01.06.1903 00:00;17;30.6;9.9;;;;80.5;15.6;980.5;;;;;0;;0;;250.6;;;;;10680;44;;;8.9;;
LUG;01.07.1903 00:00;20.6;30.5;11.5;;;;66.4;16.3;982.3;;;;;0.4;;1.4;;172.1;;;;;14424;58;;;0;;
LUG;01.08.1903 00:00;20.8;30.6;11;;;;70.5;17.7;984.1;;;;;0.1;;0.4;;141.2;;;;;17460;74;;;0;;
LUG;01.09.1903 00:00;16.8;30.1;7;;;;74.3;14.5;986.4;;;;;0.1;;0.4;;44.9;;;;;13068;64;;;25.7;;
LUG;01.10.1903 00:00;12;22.5;2.5;;;;79.1;11.4;982.2;;;;;0.2;;0.7;;302.3;;;;;8724;48;;;175.8;;
LUG;01.11.1903 00:00;6.9;17;-1.6;;;;81.6;8.3;983.3;;;;;0.2;;0.7;;81.2;;;;;7008;48;;;385.8;;
LUG;01.12.1903 00:00;2.6;8.4;-2;;;;86;6.4;979.1;;;;;0;;0;;162;;;;;3810;28;;;539.4;;
LUG;01.01.1904 00:00;2.2;9.5;-3.4;;;;80.2;5.8;987;;;;;0.1;;0.4;;33;;;;;5760;40;;;551;;
LUG;01.02.1904 00:00;3.7;13.5;-2.1;;;;72.1;5.7;975.4;;;;;0.2;;0.7;;127.8;;;;;7074;44;;;473.9;;
LUG;01.03.1904 00:00;6.8;18.5;0;;;;76.7;7.5;980.3;;;;;0.2;;0.7;;186.6;;;;;7566;37;;;409.2;;
LUG;01.04.1904 00:00;12.5;21.6;3;;;;69;10;982.8;;;;;0.2;;0.7;;72.8;;;;;10860;50;;;105.4;;
LUG;01.05.1904 00:00;17.3;28.6;6;;;;66.8;13.6;984;;;;;0.1;;0.4;;85.5;;;;;16596;68;;;27.8;;
LUG;01.06.1904 00:00;20.1;30.4;9.9;;;;74.4;17.7;983.6;;;;;0.1;;0.4;;252.2;;;;;14472;59;;;8.4;;
LUG;01.07.1904 00:00;23.2;34.5;13;;;;66.5;19.1;984.5;;;;;0;;0;;109.5;;;;;19644;79;;;0;;
LUG;01.08.1904 00:00;21.5;33.1;10;;;;69;18.1;984.1;;;;;0.1;;0.4;;71.3;;;;;17208;73;;;0;;
LUG;01.09.1904 00:00;15.5;26.2;7;;;;76.8;13.6;984.2;;;;;0.1;;0.4;;243.8;;;;;9288;46;;;53.9;;
LUG;01.10.1904 00:00;12.3;22;5.5;;;;79.1;11.4;984.4;;;;;0.2;;0.7;;41.8;;;;;10248;56;;;132.9;;
LUG;01.11.1904 00:00;5.7;16;-4.6;;;;76.8;7.4;984.2;;;;;0.1;;0.4;;35.9;;;;;9360;64;;;429.3;;
LUG;01.12.1904 00:00;2.1;11;-4;;;;83.3;5.9;984.4;;;;;0.1;;0.4;;59.2;;;;;6972;52;;;554.7;;
LUG;01.01.1905 00:00;0.7;12;-9.8;;;;65.1;4.2;990.7;;;;;0.6;;2.2;;40.5;;;;;8904;64;;;599.3;;
LUG;01.02.1905 00:00;2.9;15;-5.5;;;;67.7;5.1;987.4;;;;;0.2;;0.7;;49;;;;;9540;65;;;479.8;;
LUG;01.03.1905 00:00;7;19.5;-1.5;;;;70.4;7;981.3;;;;;0.1;;0.4;;72.4;;;;;10254;51;;;397.1;;
LUG;01.04.1905 00:00;11;23;0.5;;;;67;8.9;978.9;;;;;0.2;;0.7;;213;;;;;11658;54;;;197.6;;
LUG;01.05.1905 00:00;13;25.5;5.9;;;;82.7;12.5;983.1;;;;;0;;0;;373.7;;;;;8430;36;;;102;;
LUG;01.06.1905 00:00;18.5;31;9;;;;76;16.4;982.1;;;;;0;;0;;212.5;;;;;12852;54;;;0;;
LUG;01.07.1905 00:00;22.8;35.5;13;;;;73.1;20.9;984.4;;;;;0.1;;0.4;;222.1;;;;;19104;80;;;0;;
LUG;01.08.1905 00:00;19.8;31.5;8.5;;;;78.9;18.9;983.3;;;;;0.1;;0.4;;412.7;;;;;13950;62;;;0;;
LUG;01.09.1905 00:00;17.4;30.5;9.4;;;;82.4;16.8;983.3;;;;;0.1;;0.4;;240.9;;;;;10374;50;;;8.3;;
LUG;01.10.1905 00:00;8.4;22.5;-2.4;;;;72.8;8.1;981.4;;;;;0.2;;0.7;;20;;;;;11136;61;;;337.2;;
LUG;01.11.1905 00:00;5.9;16.6;-0.7;;;;79;7.3;978.3;;;;;0.1;;0.4;;222.8;;;;;5124;37;;;424.4;;
LUG;01.12.1905 00:00;3;19.4;-2.5;;;;77.2;5.9;991.5;;;;;0.1;;0.4;;9.5;;;;;7781;62;;;526;;
LUG;01.01.1906 00:00;1.6;17.5;-7.5;;;;63.4;4.3;988.5;;;;;0.2;;0.7;;8.2;;;;;9222;68;;;570.2;;
LUG;01.02.1906 00:00;2.8;15;-4.5;;;;59.3;4.4;977.1;;;;;0.4;;1.4;;79;;;;;7931;53;;;482.6;;
LUG;01.03.1906 00:00;6.7;25;-0.9;;;;59.1;5.7;980.6;;;;;0.4;;1.4;;123.9;;;;;12924;65;;;406.1;;
LUG;01.04.1906 00:00;9.9;23.5;-0.2;;;;69.3;8.5;984.6;;;;;0.1;;0.4;;184.1;;;;;8898;42;;;253.2;;
LUG;01.05.1906 00:00;14.8;31.8;2.1;;;;72.7;12.6;979.6;;;;;0;;0;;86.2;;;;;13386;57;;;69.4;;
LUG;01.06.1906 00:00;19.8;31.5;8.5;;;;61.5;14.8;982.3;;;;;0.2;;0.7;;58.8;;;;;18822;80;;;0;;
LUG;01.07.1906 00:00;21.3;32.5;10;;;;73.3;19;983.5;;;;;0.1;;0.4;;246.7;;;;;15623;66;;;0;;
LUG;01.08.1906 00:00;21.7;36;10.5;;;;68.7;18.7;984.9;;;;;0.1;;0.4;;82.1;;;;;20250;89;;;0;;
LUG;01.09.1906 00:00;16.3;32.5;5;;;;68.1;13.3;986.3;;;;;0.1;;0.4;;31;;;;;15930;78;;;36.2;;
LUG;01.10.1906 00:00;12.9;24;7;;;;83.6;12.7;985.1;;;;;0;;0;;168.9;;;;;8598;48;;;89;;
LUG;01.11.1906 00:00;6.9;16;0;;;;79.7;8.2;984.9;;;;;0;;0;;310.5;;;;;6492;48;;;377.4;;
LUG;01.12.1906 00:00;2.4;14;-7.8;;;;55.5;4;979.6;;;;;0.8;;2.9;;3.2;;;;;8310;66;;;544.6;;
LUG;01.01.1907 00:00;1;18;-9.5;;;;67.1;4.3;990.3;;;;;0.4;;1.4;;28.2;;;;;8838;66;;;590.1;;
LUG;01.02.1907 00:00;2.2;17.5;-8;;;;65.1;4.7;981.1;;;;;0.4;;1.4;;26.7;;;;;9234;61;;;498.8;;
LUG;01.03.1907 00:00;6.7;22;-3.5;;;;50.1;4.9;987.1;;;;;0.8;;2.9;;2.6;;;;;15468;77;;;405.3;;
LUG;01.04.1907 00:00;10;27.1;0.7;;;;64.4;7.7;974.3;;;;;0.4;;1.4;;115.1;;;;;11226;52;;;279.6;;
LUG;01.05.1907 00:00;15.3;29.6;0.6;;;;71.3;12.7;983.2;;;;;0.1;;0.4;;64.9;;;;;13434;58;;;52;;
LUG;01.06.1907 00:00;19.4;30;9;;;;71.3;16.5;982.4;;;;;0.1;;0.4;;122.2;;;;;15030;64;;;0;;
LUG;01.07.1907 00:00;19.9;31.7;10;;;;64.7;15.4;982.5;;;;;0.6;;2.2;;111.4;;;;;17814;75;;;0;;
LUG;01.08.1907 00:00;21.2;33.5;9.5;;;;69;18;985.7;;;;;0.1;;0.4;;96.6;;;;;17790;78;;;0;;
LUG;01.09.1907 00:00;17.5;28.5;8.7;;;;80.7;16.5;987.7;;;;;0.1;;0.4;;321.5;;;;;12564;62;;;0;;
LUG;01.10.1907 00:00;12.8;21.6;5;;;;88.4;13.2;981.8;;;;;0.1;;0.4;;461.5;;;;;5250;30;;;84.2;;
LUG;01.11.1907 00:00;6.9;15;-1.5;;;;80.3;8.2;987.3;;;;;0;;0;;33.8;;;;;6564;47;;;393.5;;
LUG;01.12.1907 00:00;3.6;11.5;-3.4;;;;75.4;6;982.7;;;;;0.1;;0.4;;116.8;;;;;5880;47;;;508.7;;
LUG;01.01.1908 00:00;1.8;18.6;-6.5;;;;71.2;5.1;988.5;;;;;0.1;;0.4;;0.7;;;;;11238;83;;;564.4;;
LUG;01.02.1908 00:00;5.1;18.5;-5.5;;;;54.5;4.7;983.6;;;;;0.6;;2.2;;11.7;;;;;13092;84;;;430.7;;
LUG;01.03.1908 00:00;5.3;16.6;-2.1;;;;68.8;6.1;982.1;;;;;0.1;;0.4;;105.4;;;;;9258;47;;;456.1;;
LUG;01.04.1908 00:00;9.3;23;1;;;;63.4;7.4;977.2;;;;;0.4;;1.4;;111;;;;;9210;43;;;309.6;;
LUG;01.05.1908 00:00;16.6;31;4.2;;;;70.4;13.4;986;;;;;0.1;;0.4;;232.7;;;;;15276;65;;;21.4;;
LUG;01.06.1908 00:00;19.6;31.5;9.5;;;;73.4;17.3;984.5;;;;;0.1;;0.4;;188.2;;;;;16512;70;;;0;;
LUG;01.07.1908 00:00;20.4;32;10;;;;72.9;18;982.8;;;;;0.1;;0.4;;330;;;;;16740;70;;;0;;
LUG;01.08.1908 00:00;19.8;30.5;11.5;;;;72.8;17.1;982.4;;;;;0.2;;0.7;;165.4;;;;;15360;68;;;0;;
LUG;01.09.1908 00:00;16;27.2;5.5;;;;75;13.9;987;;;;;0.1;;0.4;;111.2;;;;;12312;60;;;0;;
LUG;01.10.1908 00:00;12.2;25.5;3.5;;;;83.5;12.3;989.7;;;;;0;;0;;109;;;;;11190;62;;;141.5;;
LUG;01.11.1908 00:00;5.5;17;-2;;;;76.7;7.1;986.1;;;;;0.2;;0.7;;26.7;;;;;7938;58;;;434.4;;
LUG;01.12.1908 00:00;2.6;10;-4.3;;;;77.1;5.8;983.7;;;;;0.1;;0.4;;26.9;;;;;6012;48;;;537.9;;
LUG;01.01.1909 00:00;0.7;13.6;-7.3;;;;69.7;4.5;988.2;;;;;0.1;;0.4;;0.9;;;;;9582;71;;;599.5;;
LUG;01.02.1909 00:00;1.2;15;-7.2;;;;64;4.2;981.8;;;;;0.2;;0.7;;131.7;;;;;9060;61;;;525.8;;
LUG;01.03.1909 00:00;4.4;17.5;-5.5;;;;69.2;5.8;973.8;;;;;0.2;;0.7;;135.5;;;;;9018;45;;;483.6;;
LUG;01.04.1909 00:00;12.8;24;-1.8;;;;59.3;9.1;983.4;;;;;0.4;;1.4;;34.5;;;;;13914;65;;;92.8;;
LUG;01.05.1909 00:00;15.4;30.1;3.1;;;;64.1;11.5;984.2;;;;;0.4;;1.4;;55.4;;;;;14538;62;;;72;;
LUG;01.06.1909 00:00;16.8;29.4;7.5;;;;72.1;13.9;981.9;;;;;0.1;;0.4;;343.6;;;;;11946;51;;;18.1;;
LUG;01.07.1909 00:00;19.9;32.9;9;;;;67.9;16.1;981.9;;;;;0.2;;0.7;;98.6;;;;;16962;71;;;0;;
LUG;01.08.1909 00:00;20.3;34.6;9.5;;;;70.4;16.9;982.7;;;;;0.1;;0.4;;224.2;;;;;15234;67;;;0;;
LUG;01.09.1909 00:00;15.9;26.2;7;;;;78.2;14.4;983.4;;;;;0;;0;;100.6;;;;;10938;54;;;0;;
LUG;01.10.1909 00:00;12.4;25;2;;;;82;12.1;984.8;;;;;0;;0;;201.6;;;;;10296;57;;;130.5;;
LUG;01.11.1909 00:00;5.6;18;-3.5;;;;72.5;6.9;980.1;;;;;0.2;;0.7;;59.4;;;;;9996;71;;;430.9;;
LUG;01.12.1909 00:00;4.4;13.5;-2.2;;;;79.4;6.6;979.5;;;;;0.2;;0.7;;100.7;;;;;4092;33;;;483;;
LUG;01.01.1910 00:00;3.1;17.5;-5.5;;;;63.8;4.9;981.7;;;;;0.4;;1.4;;27.7;;;;;8202;61;;;522.6;;
LUG;01.02.1910 00:00;4.1;13;-4.5;;;;65.5;5.4;980.8;;;;;0.2;;0.7;;65.1;;;;;7554;51;;;445.3;;
LUG;01.03.1910 00:00;7.6;18.1;-1.5;;;;67.9;7;985.5;;;;;0.2;;0.7;;122.6;;;;;10032;50;;;376;;
LUG;01.04.1910 00:00;10.2;25.5;-0.5;;;;67.7;8;979.5;;;;;0.4;;1.4;;276.1;;;;;7901;36;;;260.7;;
LUG;01.05.1910 00:00;13.5;25.9;1.6;;;;71.2;11.4;978.2;;;;;0.4;;1.4;;154.5;;;;;12624;54;;;100.3;;
LUG;01.06.1910 00:00;18.7;29.5;8.7;;;;76.9;17;980.2;;;;;0;;0;;289.8;;;;;14496;61;;;0;;
LUG;01.07.1910 00:00;19.4;30.5;8;;;;71.1;16.5;980.6;;;;;0.1;;0.4;;102.1;;;;;16578;69;;;0;;
LUG;01.08.1910 00:00;19.6;32.5;10;;;;77.9;18.3;983;;;;;0;;0;;249.1;;;;;16158;71;;;0;;
LUG;01.09.1910 00:00;16.1;26;6.5;;;;71.7;13.2;984.8;;;;;0.6;;2.2;;62.1;;;;;10548;52;;;0;;
LUG;01.10.1910 00:00;12.2;26;4;;;;85.1;12.3;986.8;;;;;0.1;;0.4;;194.4;;;;;7506;41;;;178.3;;
LUG;01.11.1910 00:00;5.1;17;-3.5;;;;66.3;5.9;977.4;;;;;0.2;;0.7;;110.6;;;;;6666;48;;;447.3;;
LUG;01.12.1910 00:00;4.8;11.3;-3.6;;;;80.7;7.2;981.5;;;;;0.1;;0.4;;352;;;;;4716;37;;;471.7;;
LUG;01.01.1911 00:00;1.3;15.1;-5.3;;;;73.6;5;989.3;;;;;0;;0;;16.1;;;;;8454;62;;;578.7;;
LUG;01.02.1911 00:00;3.2;18.1;-6.2;;;;62.7;4.7;989.6;;;;;0.6;;2.2;;16.6;;;;;9372;62;;;471.7;;
LUG;01.03.1911 00:00;6.8;16.5;-1.5;;;;68.5;6.8;980.9;;;;;0.2;;0.7;;106.5;;;;;7278;37;;;410.5;;
LUG;01.04.1911 00:00;10.7;26;-2.7;;;;63.4;8.2;981;;;;;0.2;;0.7;;89;;;;;13668;63;;;218.6;;
LUG;01.05.1911 00:00;15.1;26.1;4.5;;;;72.6;12.4;980.2;;;;;0.1;;0.4;;103.2;;;;;10932;47;;;18.4;;
LUG;01.06.1911 00:00;17.7;28;8.7;;;;74.7;15.4;985.3;;;;;0.1;;0.4;;322.9;;;;;13332;56;;;0;;
LUG;01.07.1911 00:00;22.3;34;10.9;;;;71.2;19.6;987.3;;;;;0;;0;;37.1;;;;;18780;79;;;0;;
LUG;01.08.1911 00:00;22.1;33.5;12.3;;;;73.5;19.9;983.9;;;;;0;;0;;404.9;;;;;17994;79;;;0;;
LUG;01.09.1911 00:00;18;36;6;;;;76.4;16.3;985.2;;;;;0.2;;0.7;;227.7;;;;;13818;68;;;0;;
LUG;01.10.1911 00:00;10.9;25;2.5;;;;85.4;11.4;985.1;;;;;0.2;;0.7;;239.6;;;;;8238;47;;;206.9;;
LUG;01.11.1911 00:00;7.3;17;0.5;;;;90.1;9.4;982.5;;;;;0;;0;;264.7;;;;;5826;41;;;381;;
LUG;01.12.1911 00:00;4.3;14;-1.5;;;;80.4;6.7;985;;;;;0.2;;0.7;;99.5;;;;;5442;44;;;485.4;;
LUG;01.01.1912 00:00;3.4;19.3;-2.5;;;;76.1;5.9;984.1;;;;;0.1;;0.4;;101.2;;;;;3816;29;;;515.3;;
LUG;01.02.1912 00:00;5.1;17.2;-6.2;;;;68;6.1;981;;;;;0.1;;0.4;;124.2;;;;;7991;50;;;432.2;;
LUG;01.03.1912 00:00;9.1;25;0;;;;73.8;8.4;981.7;;;;;0.4;;1.4;;200.3;;;;;10554;52;;;310.7;;
LUG;01.04.1912 00:00;10.4;28;0;;;;66.9;8.5;982.3;;;;;0.6;;2.2;;65.4;;;;;10206;48;;;262.8;;
LUG;01.05.1912 00:00;16.3;29.2;3.2;;;;73.8;13.8;982.2;;;;;0.1;;0.4;;115.2;;;;;14148;60;;;31.9;;
LUG;01.06.1912 00:00;18.5;31.2;5.2;;;;75.7;16.5;981.1;;;;;0.1;;0.4;;179.3;;;;;13518;57;;;10.2;;
LUG;01.07.1912 00:00;20.5;31;9;;;;77.1;19;982;;;;;0.1;;0.4;;209.6;;;;;14352;60;;;0;;
LUG;01.08.1912 00:00;17.9;28;8.4;;;;77.6;16.1;981.1;;;;;0.1;;0.4;;370.3;;;;;12198;54;;;0;;
LUG;01.09.1912 00:00;13.2;26.2;3.9;;;;76.7;11.8;984.4;;;;;0.1;;0.4;;65.5;;;;;10332;50;;;114.8;;
LUG;01.10.1912 00:00;10.5;19.8;1.4;;;;84.6;10.9;984.8;;;;;0.1;;0.4;;202.1;;;;;7302;42;;;238.8;;
LUG;01.11.1912 00:00;4.6;17.5;-3.5;;;;72.2;6.1;983.4;;;;;0.1;;0.4;;65.4;;;;;8328;59;;;463.3;;
LUG;01.12.1912 00:00;2.4;11.2;-5;;;;86.6;6.3;991;;;;;0;;0;;32.1;;;;;7638;61;;;545.4;;
LUG;01.01.1913 00:00;2.2;10.5;-4;;;;83.4;5.9;986.5;;;;;0.1;;0.4;;17.5;;;;;6312;48;;;553.2;;
LUG;01.02.1913 00:00;2.7;21.2;-7;;;;75.6;5.5;990.1;;;;;0.1;;0.4;;5.7;;;;;9660;64;;;484.3;;
LUG;01.03.1913 00:00;7.3;18;-4;;;;76.9;8;988.5;;;;;0.1;;0.4;;221.9;;;;;8190;42;;;387.1;;
LUG;01.04.1913 00:00;10;24.6;-2.5;;;;74.9;9.5;979.2;;;;;0.1;;0.4;;247.7;;;;;8982;42;;;250.8;;
LUG;01.05.1913 00:00;15;29.5;4.5;;;;71.9;12.5;981.4;;;;;0.1;;0.4;;150.3;;;;;12342;52;;;52.5;;
LUG;01.06.1913 00:00;19.9;32.2;9;;;;63.8;15;984.9;;;;;0.4;;1.4;;127;;;;;16614;70;;;0;;
LUG;01.07.1913 00:00;19.5;30.5;9;;;;69.9;16.1;980.3;;;;;0.2;;0.7;;181.6;;;;;16116;68;;;0;;
LUG;01.08.1913 00:00;19.6;30.5;9.4;;;;79;18.5;982.8;;;;;0.1;;0.4;;197.1;;;;;13566;60;;;0;;
LUG;01.09.1913 00:00;15.8;29.4;6.5;;;;81.5;15;983.8;;;;;0;;0;;147.8;;;;;7440;37;;;8.1;;
LUG;01.10.1913 00:00;11.9;22.5;3.4;;;;88.3;12.6;986.7;;;;;0;;0;;265.8;;;;;7811;44;;;138.1;;
LUG;01.11.1913 00:00;8.7;20;0.5;;;;79.2;9;986.3;;;;;0.1;;0.4;;44.6;;;;;6852;49;;;333.8;;
LUG;01.12.1913 00:00;3.8;20;-4;;;;70.5;5.6;984.8;;;;;0.4;;1.4;;12.1;;;;;9216;74;;;496.2;;
LUG;01.01.1914 00:00;0.5;19.2;-6.5;;;;75;4.7;984.9;;;;;0.1;;0.4;;21.7;;;;;8190;61;;;605;;
LUG;01.02.1914 00:00;4.6;16.8;-3.5;;;;81.5;7.1;985.6;;;;;0;;0;;152.5;;;;;6876;47;;;429.9;;
LUG;01.03.1914 00:00;7.6;20.2;-1;;;;70;7.3;977.9;;;;;0.2;;0.7;;148.8;;;;;10632;52;;;377.3;;
LUG;01.04.1914 00:00;12.3;25.5;3.5;;;;72.8;10.5;986.9;;;;;0.1;;0.4;;72.4;;;;;10920;51;;;142.1;;
LUG;01.05.1914 00:00;14.1;29;5.8;;;;77.6;12.6;983.5;;;;;0.1;;0.4;;343;;;;;10782;46;;;35.3;;
LUG;01.06.1914 00:00;17.5;32;6.4;;;;72.9;15;981.7;;;;;0.1;;0.4;;117.1;;;;;14238;60;;;8.4;;
LUG;01.07.1914 00:00;19.6;31.3;8.5;;;;72.1;16.9;980.2;;;;;0.2;;0.7;;249.8;;;;;15426;64;;;0;;
LUG;01.08.1914 00:00;19.8;32.5;10;;;;80.1;18.9;985;;;;;0;;0;;232.4;;;;;15492;68;;;0;;
LUG;01.09.1914 00:00;16.9;32.1;5.4;;;;76.7;15.5;985;;;;;0.2;;0.7;;46;;;;;14532;72;;;16;;
LUG;01.10.1914 00:00;10.9;23;2;;;;89.9;12.1;983.2;;;;;0.1;;0.4;;387.1;;;;;8250;45;;;221.1;;
LUG;01.11.1914 00:00;6.3;17;-4.6;;;;81.3;8.1;981.6;;;;;0.2;;0.7;;43.1;;;;;8214;58;;;403.8;;
LUG;01.12.1914 00:00;3.4;12.4;-4;;;;88.5;7;983.8;;;;;0;;0;;165.9;;;;;4794;38;;;514.5;;
LUG;01.01.1915 00:00;1.3;13.5;-7.8;;;;77.3;5.1;972.4;;;;;0.4;;1.4;;66;;;;;7026;52;;;580.7;;
LUG;01.02.1915 00:00;1.6;11.5;-6;;;;77.4;5.2;980;;;;;0.1;;0.4;;182.3;;;;;7116;47;;;514.3;;
LUG;01.03.1915 00:00;6.5;19.5;-5;;;;69.2;6.8;978.8;;;;;0.2;;0.7;;48.6;;;;;12462;63;;;418.7;;
LUG;01.04.1915 00:00;10.2;21.5;0.6;;;;68.4;8.7;981.7;;;;;0.1;;0.4;;101.7;;;;;9510;44;;;259.4;;
LUG;01.05.1915 00:00;16.3;27.2;7.5;;;;73.5;13.6;982.3;;;;;0;;0;;262.8;;;;;10182;44;;;8.4;;
LUG;01.06.1915 00:00;19.4;30.6;11.4;;;;71.7;16.1;983;;;;;0.1;;0.4;;223.5;;;;;11460;49;;;0;;
LUG;01.07.1915 00:00;20.7;31.2;9.5;;;;67.3;16.5;982.6;;;;;0.1;;0.4;;261.5;;;;;15840;66;;;0;;
LUG;01.08.1915 00:00;20;32;10.8;;;;60.3;14.3;982.9;;;;;0.1;;0.4;;52;;;;;16578;73;;;0;;
LUG;01.09.1915 00:00;15;29;5.5;;;;77;13.1;984.1;;;;;0.1;;0.4;;255;;;;;9174;45;;;38;;
LUG;01.10.1915 00:00;10.3;21.5;3.6;;;;81.5;10.3;982.4;;;;;0.1;;0.4;;33.4;;;;;7638;42;;;267;;
LUG;01.11.1915 00:00;4.4;14.6;-6;;;;70;6.2;981.3;;;;;0.4;;1.4;;35.7;;;;;7140;51;;;467;;
LUG;01.12.1915 00:00;4.9;13;-4;;;;82.6;7.4;983.2;;;;;0.1;;0.4;;100.1;;;;;3528;28;;;466.7;;
LUG;01.01.1916 00:00;3.3;18.2;-3.9;;;;72.3;5.5;991.4;;;;;0.2;;0.7;;1;;;;;11130;83;;;516.5;;
LUG;01.02.1916 00:00;3.2;16.6;-3;;;;75.6;5.7;981.3;;;;;0.1;;0.4;;186.3;;;;;6402;42;;;487.3;;
LUG;01.03.1916 00:00;5.6;19.5;-0.5;;;;86.2;7.9;973.8;;;;;0;;0;;355.2;;;;;4140;20;;;446.3;;
LUG;01.04.1916 00:00;11.4;25;1.5;;;;64.7;8.7;979.1;;;;;0.4;;1.4;;111;;;;;12294;57;;;183;;
LUG;01.05.1916 00:00;15.4;30.5;5.5;;;;72.8;12.7;982.8;;;;;0.1;;0.4;;209;;;;;11424;49;;;41.3;;
LUG;01.06.1916 00:00;17;29.5;6.4;;;;68.3;13.4;981.1;;;;;0.1;;0.4;;181.1;;;;;11760;50;;;0;;
LUG;01.07.1916 00:00;20.1;32.5;10.5;;;;64.6;15.4;982.8;;;;;0.1;;0.4;;105.3;;;;;13938;58;;;0;;
LUG;01.08.1916 00:00;20.1;35;10;;;;64.1;15.2;982.3;;;;;0.1;;0.4;;223.9;;;;;14388;63;;;0;;
LUG;01.09.1916 00:00;14.9;27.5;6.8;;;;69.4;11.8;982.2;;;;;0.1;;0.4;;166.9;;;;;8550;42;;;8.1;;
LUG;01.10.1916 00:00;11.2;24.5;1.6;;;;73.1;9.8;986.5;;;;;0.1;;0.4;;119.9;;;;;10404;58;;;182.1;;
LUG;01.11.1916 00:00;6.7;20.6;-1;;;;73.2;7.2;982.2;;;;;0.1;;0.4;;237.4;;;;;5028;36;;;385.4;;
LUG;01.12.1916 00:00;3.2;15.5;-4.6;;;;77.6;5.9;977.2;;;;;0.1;;0.4;;254.2;;;;;3780;31;;;514.1;;
LUG;01.01.1917 00:00;1.4;21;-9.8;;;;67.4;4.6;975.8;;;;;0.1;;0.4;;71.5;;;;;3965;30;;;555.7;;
LUG;01.02.1917 00:00;1.1;14.5;-8.4;;;;63.4;4.2;985.1;;;;;0.1;;0.4;;13.7;;;;;10644;70;;;529.4;;
LUG;01.03.1917 00:00;4.9;16.8;-4;;;;64.9;5.4;976.7;;;;;0.2;;0.7;;73.7;;;;;9546;48;;;468.8;;
LUG;01.04.1917 00:00;9.1;23.5;0;;;;55.6;6.3;979.3;;;;;0.4;;1.4;;117.8;;;;;11472;53;;;307.3;;
LUG;01.05.1917 00:00;15.6;29.5;6.8;;;;74.4;13;984.6;;;;;0;;0;;363.8;;;;;9744;42;;;26.6;;
LUG;01.06.1917 00:00;19.8;31;9.4;;;;64.5;14.8;986.9;;;;;0;;0;;64.7;;;;;16392;70;;;0;;
LUG;01.07.1917 00:00;20.5;34.5;9.5;;;;62.5;15.1;984.5;;;;;0.1;;0.4;;176.3;;;;;16872;71;;;0;;
LUG;01.08.1917 00:00;19.2;30;9;;;;66.3;14.7;982.2;;;;;0;;0;;211.8;;;;;15114;66;;;0;;
LUG;01.09.1917 00:00;18.4;29.5;9;;;;66.8;14;988.2;;;;;0.1;;0.4;;32.7;;;;;15234;76;;;0;;
LUG;01.10.1917 00:00;9.8;26;0.4;;;;66.4;8.2;981.4;;;;;0.2;;0.7;;236.9;;;;;8136;45;;;287.7;;
LUG;01.11.1917 00:00;6;20.2;-1.2;;;;61.9;5.6;986.9;;;;;0.2;;0.7;;7.2;;;;;9960;71;;;420.7;;
LUG;01.12.1917 00:00;1.6;17.8;-5.8;;;;64.1;4.4;985.9;;;;;0.2;;0.7;;55.2;;;;;4542;36;;;571.1;;
LUG;01.01.1918 00:00;1.6;10;-7.8;;;;71.6;5.1;991;;;;;0.1;;0.4;;48.8;;;;;7956;58;;;569.7;;
LUG;01.02.1918 00:00;4.3;25;-6;;;;58.5;4.7;992.3;;;;;0.2;;0.7;;11;;;;;12882;86;;;439.2;;
LUG;01.03.1918 00:00;6.8;20.5;-2;;;;64.1;6.2;984.7;;;;;0.1;;0.4;;179.6;;;;;10278;51;;;395.1;;
LUG;01.04.1918 00:00;9.4;17.5;0.2;;;;78;9.2;979.3;;;;;0;;0;;297.1;;;;;3396;16;;;310.5;;
LUG;01.05.1918 00:00;16.1;29.2;6;;;;62.9;11.2;983.6;;;;;0.1;;0.4;;141.5;;;;;14184;60;;;33;;
LUG;01.06.1918 00:00;17.7;28.2;5.5;;;;56;11.1;983.1;;;;;0.2;;0.7;;178.5;;;;;14256;60;;;9.1;;
LUG;01.07.1918 00:00;21.5;33.5;11;;;;57.3;14.7;983.2;;;;;0;;0;;156.7;;;;;16470;69;;;0;;
LUG;01.08.1918 00:00;20.3;32.6;8.2;;;;53.9;12.9;984.6;;;;;0.2;;0.7;;163.5;;;;;16908;74;;;0;;
LUG;01.09.1918 00:00;17.9;28.2;9;;;;67.5;13.7;982.9;;;;;0.1;;0.4;;217.4;;;;;11190;55;;;0;;
LUG;01.10.1918 00:00;10.7;22;3;;;;69.4;8.9;983.3;;;;;0.2;;0.7;;228.8;;;;;7242;40;;;225.3;;
LUG;01.11.1918 00:00;5.7;16.5;-3.4;;;;70.1;6.8;987.3;;;;;0;;0;;99.4;;;;;6984;50;;;430.4;;
LUG;01.12.1918 00:00;3.1;13.5;-4.2;;;;67.4;5.2;984.1;;;;;0.1;;0.4;;32;;;;;5946;47;;;522.7;;
LUG;01.01.1919 00:00;3;15;-4.6;;;;65.1;4.9;980;;;;;0.2;;0.7;;245;;;;;5592;42;;;528.3;;
LUG;01.02.1919 00:00;3;15;-7.6;;;;62.6;4.9;978.6;;;;;0.1;;0.4;;49.4;;;;;7530;50;;;476.1;;
LUG;01.03.1919 00:00;7.1;19;-2;;;;53.4;5.3;979.4;;;;;0.2;;0.7;;125.8;;;;;9678;49;;;398.6;;
LUG;01.04.1919 00:00;10.6;23;0;;;;52.3;6.5;978.2;;;;;0.4;;1.4;;219.8;;;;;11208;52;;;234;;
LUG;01.05.1919 00:00;15.9;28.5;0.5;;;;45.4;8.1;984.1;;;;;0.1;;0.4;;8.1;;;;;17328;74;;;29.1;;
LUG;01.06.1919 00:00;20.7;33.8;7.5;;;;46.5;11.3;985.3;;;;;0.1;;0.4;;63.7;;;;;16133;68;;;8.5;;
LUG;01.07.1919 00:00;19.3;30;8;;;;47.3;10.5;982.8;;;;;0.2;;0.7;;149;;;;;14760;62;;;0;;
LUG;01.08.1919 00:00;22.4;34;9;;;;53.5;14.6;985.3;;;;;0;;0;;35.8;;;;;17460;77;;;0;;
LUG;01.09.1919 00:00;18.6;31;5.5;;;;59.2;12.6;986.3;;;;;0;;0;;217.3;;;;;13212;64;;;8;;
LUG;01.10.1919 00:00;9.7;25;-2.2;;;;57.7;7.2;984.4;;;;;0.2;;0.7;;86.2;;;;;9342;53;;;286.9;;
LUG;01.11.1919 00:00;4.1;13;-4;;;;65.5;5.5;979.1;;;;;0.1;;0.4;;233.2;;;;;5796;42;;;478.2;;
LUG;01.12.1919 00:00;2.9;12.2;-6;;;;57.7;4.4;982.9;;;;;0.2;;0.7;;32.2;;;;;8238;65;;;529;;
LUG;01.01.1920 00:00;4.7;21;-2.6;;;;74.4;6.2;984.4;;;;;0.2;;0.7;;160.4;;;;;7230;53;;;473.8;;
LUG;01.02.1920 00:00;4.9;18.6;-3;;;;57.1;5.2;994.1;;;;;0.1;;0.4;;21.2;;;;;10152;66;;;436.8;;
LUG;01.03.1920 00:00;9;25.6;-2.4;;;;68.6;7.8;984.5;;;;;0.1;;0.4;;281.3;;;;;10038;51;;;331.2;;
LUG;01.04.1920 00:00;10.6;24;1.4;;;;75.2;9.6;980.9;;;;;0.2;;0.7;;289.3;;;;;7356;34;;;201.7;;
LUG;01.05.1920 00:00;18.5;32;4.2;;;;71.7;15.7;986.4;;;;;0.1;;0.4;;220.5;;;;;12870;55;;;0;;
LUG;01.06.1920 00:00;18.8;33;10;;;;70.8;15.7;982.7;;;;;0.1;;0.4;;203.2;;;;;14118;60;;;0;;
LUG;01.07.1920 00:00;20.7;33;11;;;;69.2;17.4;984.7;;;;;0.1;;0.4;;334.3;;;;;15672;66;;;0;;
LUG;01.08.1920 00:00;19;31;8.5;;;;72.3;16.1;983.7;;;;;0.1;;0.4;;161.3;;;;;14604;64;;;0;;
LUG;01.09.1920 00:00;16.8;31.5;8.5;;;;78.6;15.1;985.8;;;;;0;;0;;276.1;;;;;7841;38;;;0;;
LUG;01.10.1920 00:00;11.4;23.5;0.8;;;;83.2;11.6;985.6;;;;;0;;0;;114.6;;;;;4290;24;;;194.4;;
LUG;01.11.1920 00:00;4.8;15;-3;;;;85.7;7.5;991.5;;;;;0;;0;;100.9;;;;;4788;34;;;455.3;;
LUG;01.12.1920 00:00;3.3;13.2;-4;;;;84.1;6.5;984.3;;;;;0;;0;;47.3;;;;;2994;24;;;518.3;;
LUG;01.01.1921 00:00;4.8;21.5;-1.6;;;;70.9;5.9;987.7;;;;;0.2;;0.7;;84.4;;;;;8544;63;;;472.6;;
LUG;01.02.1921 00:00;4.1;15.6;-2.8;;;;70;5.7;988.6;;;;;0;;0;;39.1;;;;;9018;60;;;444.9;;
LUG;01.03.1921 00:00;8.7;21;-0.8;;;;67.9;7.6;989;;;;;0.2;;0.7;;35.6;;;;;11604;58;;;339;;
LUG;01.04.1921 00:00;10;22;0.2;;;;66.9;8.3;980.8;;;;;0.2;;0.7;;109;;;;;10560;49;;;239.3;;
LUG;01.05.1921 00:00;16.1;28.1;3.4;;;;71.7;13.6;982.3;;;;;0;;0;;152.7;;;;;11298;48;;;34.5;;
LUG;01.06.1921 00:00;20;30.2;8.6;;;;60.7;14.7;982.8;;;;;0.4;;1.4;;60.5;;;;;17388;74;;;0;;
LUG;01.07.1921 00:00;22.9;35;10.8;;;;69.9;20;984.7;;;;;0;;0;;59;;;;;18276;77;;;0;;
LUG;01.08.1921 00:00;20.2;33.5;10.5;;;;80.1;20.1;982.2;;;;;0;;0;;260.1;;;;;14556;64;;;0;;
LUG;01.09.1921 00:00;17.6;28;8.8;;;;71.9;14.8;988.3;;;;;0;;0;;22.2;;;;;12660;63;;;8;;
LUG;01.10.1921 00:00;14.3;25.4;1.8;;;;65.3;10.8;990;;;;;0.1;;0.4;;12.6;;;;;14064;78;;;64.4;;
LUG;01.11.1921 00:00;5.1;17.5;-4.6;;;;61.5;5.7;985.5;;;;;0.1;;0.4;;9.9;;;;;8520;62;;;440;;
LUG;01.12.1921 00:00;3.8;20.2;-6.5;;;;56.8;4.4;986.1;;;;;0.2;;0.7;;1.8;;;;;7566;61;;;491.8;;
LUG;01.01.1922 00:00;1;15.2;-7;;;;58.9;3.9;979.6;;;;;0.2;;0.7;;40.2;;;;;6306;48;;;587.9;;
LUG;01.02.1922 00:00;2.8;15.2;-7.6;;;;64.5;4.8;984.4;;;;;0.1;;0.4;;18.9;;;;;9144;61;;;481.5;;
LUG;01.03.1922 00:00;7.7;20;-1.4;;;;64.6;6.8;979.6;;;;;0.1;;0.4;;196.9;;;;;6936;35;;;382.1;;
LUG;01.04.1922 00:00;9.8;23.5;0;;;;57.8;6.9;977.1;;;;;0.1;;0.4;;148;;;;;8406;39;;;281.1;;
LUG;01.05.1922 00:00;17.8;30;1.5;;;;54;11.1;987.1;;;;;0;;0;;112.3;;;;;16650;71;;;23.1;;
LUG;01.06.1922 00:00;19.8;29.5;10;;;;57.7;13.3;982.3;;;;;0.1;;0.4;;118.1;;;;;12888;55;;;0;;
LUG;01.07.1922 00:00;20.7;31.2;8;;;;55.9;14;983.6;;;;;0.1;;0.4;;116.5;;;;;16452;69;;;0;;
LUG;01.08.1922 00:00;20.5;31.5;10.5;;;;66.2;16.2;983.1;;;;;0.1;;0.4;;121.2;;;;;15114;67;;;0;;
LUG;01.09.1922 00:00;14.7;27;4;;;;71.4;12.1;981.2;;;;;0.2;;0.7;;305.5;;;;;9822;49;;;45.6;;
LUG;01.10.1922 00:00;10.5;23;2;;;;73;9.2;980.5;;;;;0.1;;0.4;;191.2;;;;;6510;36;;;251.1;;
LUG;01.11.1922 00:00;5.6;17;-3.4;;;;57.4;5.2;986.4;;;;;0.4;;1.4;;13.4;;;;;11226;81;;;425.3;;
LUG;01.12.1922 00:00;2.5;16;-5.8;;;;67.2;5;984.1;;;;;0.2;;0.7;;174.8;;;;;5616;45;;;541.3;;
LUG;01.01.1923 00:00;2.4;12;-4.5;;;;60.6;4.4;985.7;;;;;0.2;;0.7;;0;;;;;7584;55;;;546.7;;
LUG;01.02.1923 00:00;4.3;17;-2.2;;;;68.1;5.7;977;;;;;0;;0;;61.7;;;;;5736;38;;;440.2;;
LUG;01.03.1923 00:00;8.2;20;-0.6;;;;57.7;6.2;982.9;;;;;0.4;;1.4;;28.3;;;;;11670;58;;;350.5;;
LUG;01.04.1923 00:00;10.1;20.7;2.3;;;;65.7;8.1;976.3;;;;;0.2;;0.7;;235.8;;;;;6870;32;;;270.5;;
LUG;01.05.1923 00:00;16;28.3;5;;;;61.1;11.3;983.1;;;;;0.1;;0.4;;250.3;;;;;12846;55;;;8.1;;
LUG;01.06.1923 00:00;17.1;28.2;6.5;;;;55.6;10.9;982.8;;;;;0.2;;0.7;;159.2;;;;;14970;64;;;0;;
LUG;01.07.1923 00:00;22.6;32.5;8.5;;;;59.1;16.4;985.2;;;;;0;;0;;140.2;;;;;17466;73;;;0;;
LUG;01.08.1923 00:00;22;33.6;9.9;;;;59.2;16.1;983.1;;;;;0.2;;0.7;;91.4;;;;;16968;75;;;0;;
LUG;01.09.1923 00:00;16.3;27.5;5.5;;;;67.4;12.5;986.6;;;;;0.1;;0.4;;168.7;;;;;12798;63;;;17.3;;
LUG;01.10.1923 00:00;13;25.5;3.5;;;;73.4;11.2;982.9;;;;;0.1;;0.4;;177.4;;;;;7260;40;;;113.4;;
LUG;01.11.1923 00:00;7.2;18.5;-3;;;;69.9;7.4;978.9;;;;;0.1;;0.4;;180;;;;;5298;38;;;375.4;;
LUG;01.12.1923 00:00;3.2;13.4;-3.8;;;;58.7;4.6;979.8;;;;;0.2;;0.7;;24.9;;;;;6492;52;;;521.8;;
LUG;01.01.1924 00:00;0.7;12;-7.6;;;;64.8;4.3;985;;;;;0.1;;0.4;;67.6;;;;;8316;61;;;597.4;;
LUG;01.02.1924 00:00;2.9;16;-6.2;;;;56.1;4.3;977.1;;;;;0.2;;0.7;;39;;;;;8838;57;;;494.9;;
LUG;01.03.1924 00:00;6.5;17.5;-4;;;;67;6.7;979.9;;;;;0.1;;0.4;;108.5;;;;;8184;42;;;409.3;;
LUG;01.04.1924 00:00;11.9;26.5;0;;;;54.9;7.7;978.5;;;;;0.1;;0.4;;152.8;;;;;11082;51;;;194.1;;
LUG;01.05.1924 00:00;17;29;5.5;;;;61.7;12.5;983.2;;;;;0.1;;0.4;;168.6;;;;;14274;61;;;16.1;;
LUG;01.06.1924 00:00;19.8;29;9.5;;;;63.6;15;982;;;;;0;;0;;140.2;;;;;13248;56;;;0;;
LUG;01.07.1924 00:00;21.8;31.4;11.5;;;;57.5;15.2;981.7;;;;;0.2;;0.7;;263.3;;;;;17292;72;;;0;;
LUG;01.08.1924 00:00;18.1;29;6.5;;;;61.5;12.9;981.6;;;;;0.1;;0.4;;350.5;;;;;14760;65;;;0;;
LUG;01.09.1924 00:00;16.9;27.2;7.5;;;;67.1;12.9;983.6;;;;;0.1;;0.4;;226.8;;;;;12426;61;;;0;;
LUG;01.10.1924 00:00;11.6;21;5;;;;72.2;9.9;986.1;;;;;0;;0;;196.2;;;;;10716;60;;;178;;
LUG;01.11.1924 00:00;6.4;16;-4;;;;69.8;7;988.2;;;;;0;;0;;73;;;;;6036;43;;;378.1;;
LUG;01.12.1924 00:00;3.4;12.5;-3;;;;62.7;5.1;989.4;;;;;0.1;;0.4;;129.4;;;;;7284;58;;;515.8;;
LUG;01.01.1925 00:00;3;13.4;-2.8;;;;63.8;4.9;997.3;;;;;0.1;;0.4;;1.2;;;;;9036;68;;;527.3;;
LUG;01.02.1925 00:00;3.9;12;-2.5;;;;66.1;5.5;982.2;;;;;0.2;;0.7;;212.8;;;;;7398;51;;;450.4;;
LUG;01.03.1925 00:00;5.1;17;-3.5;;;;58.7;5.4;981.5;;;;;0.4;;1.4;;147;;;;;11412;57;;;461.6;;
LUG;01.04.1925 00:00;10.2;21.2;1;;;;60.9;7.6;979.5;;;;;0.1;;0.4;;122.2;;;;;9294;43;;;250;;
LUG;01.05.1925 00:00;14.4;28;5;;;;61.5;10.2;980.5;;;;;0.2;;0.7;;155.7;;;;;9840;42;;;72.5;;
LUG;01.06.1925 00:00;21;34.4;8;;;;50.7;12.8;981.2;;;;;0.2;;0.7;;42.8;;;;;17616;75;;;0;;
LUG;01.07.1925 00:00;20.1;31.6;10.5;;;;58.9;14.1;981.9;;;;;0.1;;0.4;;203.5;;;;;14370;60;;;0;;
LUG;01.08.1925 00:00;20.1;32;10;;;;56.6;13.4;983;;;;;0.4;;1.4;;190;;;;;16740;74;;;0;;
LUG;01.09.1925 00:00;15;28.4;4;;;;60.8;10.7;983.6;;;;;0.2;;0.7;;181.6;;;;;10638;52;;;35.3;;
LUG;01.10.1925 00:00;12;23.8;2.5;;;;66.7;9.4;983.8;;;;;0;;0;;125;;;;;12054;67;;;162.8;;
LUG;01.11.1925 00:00;6.8;16.5;-5;;;;61.8;6.4;979.3;;;;;0.2;;0.7;;84.9;;;;;5682;42;;;389.2;;
LUG;01.12.1925 00:00;0.8;12.2;-8;;;;62.2;4.2;982.7;;;;;0.4;;1.4;;44;;;;;7440;60;;;593.7;;
LUG;01.01.1926 00:00;0.7;12;-12.5;;;;58.6;3.8;984.7;;;;;0;;0;;56.2;;;;;7542;56;;;599.3;;
LUG;01.02.1926 00:00;5;21;-1.8;;;;65.6;5.6;984.7;;;;;0.1;;0.4;;136.2;;;;;7074;47;;;419.4;;
LUG;01.03.1926 00:00;8.1;21.2;0;;;;56.5;5.9;982.8;;;;;0.8;;2.9;;89.8;;;;;9510;48;;;362.8;;
LUG;01.04.1926 00:00;11.7;21.4;3.5;;;;54.5;7.3;981.1;;;;;0;;0;;167.1;;;;;11184;52;;;177.4;;
LUG;01.05.1926 00:00;13.8;27.2;1;;;;56.7;8.8;978.2;;;;;0.1;;0.4;;385.9;;;;;10176;43;;;97.8;;
LUG;01.06.1926 00:00;18.1;28;7.8;;;;49.7;10;979.8;;;;;0.4;;1.4;;249.2;;;;;13704;58;;;0;;
LUG;01.07.1926 00:00;21.6;32.2;10.2;;;;47.3;12;981.5;;;;;0.4;;1.4;;143.2;;;;;15803;66;;;0;;
LUG;01.08.1926 00:00;21.2;31.2;10;;;;51.6;12.8;986.2;;;;;0.2;;0.7;;65.7;;;;;16956;75;;;0;;
LUG;01.09.1926 00:00;19.2;30.6;6.2;;;;57.3;12.7;987.5;;;;;0;;0;;109.7;;;;;14088;69;;;0;;
LUG;01.10.1926 00:00;12.2;24;1;;;;65.4;9.4;983.1;;;;;0.1;;0.4;;255.4;;;;;8892;49;;;138;;
LUG;01.11.1926 00:00;9.1;19.2;0;;;;72.4;8.7;983.4;;;;;0.2;;0.7;;529.5;;;;;3594;26;;;315.1;;
LUG;01.12.1926 00:00;4.2;18.8;-3.8;;;;57.6;4.7;985.5;;;;;0.6;;2.2;;36.6;;;;;9102;73;;;490.1;;
LUG;01.01.1927 00:00;2.7;19;-3.8;;;;65.9;5;982.6;;;;;0.1;;0.4;;114.7;;;;;5796;43;;;527.2;;
LUG;01.02.1927 00:00;2.7;18.2;-4.2;;;;60;4.4;988.7;;;;;0;;0;;30.6;;;;;8784;60;;;485.5;;
LUG;01.03.1927 00:00;7.7;19.8;0;;;;60.2;6.2;980.9;;;;;0.1;;0.4;;231.9;;;;;11346;56;;;382.4;;
LUG;01.04.1927 00:00;12.7;23.4;1;;;;53.3;7.9;980.4;;;;;0.4;;1.4;;188.8;;;;;14646;68;;;133;;
LUG;01.05.1927 00:00;16.9;31.6;6.5;;;;64.8;12.5;982.8;;;;;0.1;;0.4;;134.5;;;;;11670;50;;;0;;
LUG;01.06.1927 00:00;20;31;8.2;;;;58.3;13.7;982.6;;;;;0.1;;0.4;;178.8;;;;;13728;58;;;0;;
LUG;01.07.1927 00:00;21.9;33.2;10.4;;;;57.4;14.9;981.2;;;;;0;;0;;168.2;;;;;17346;73;;;0;;
LUG;01.08.1927 00:00;20.2;32.8;9.8;;;;54.6;13.7;983;;;;;0.2;;0.7;;97.5;;;;;16236;72;;;0;;
LUG;01.09.1927 00:00;16.4;31.6;8;;;;63.8;12.2;981.5;;;;;0.2;;0.7;;247.7;;;;;10266;50;;;0;;
LUG;01.10.1927 00:00;11.8;23.2;4;;;;72;10.1;985.8;;;;;0.1;;0.4;;42.1;;;;;13158;74;;;161.8;;
LUG;01.11.1927 00:00;7.7;18;-3.5;;;;72.5;7.9;984;;;;;0.2;;0.7;;222.3;;;;;5904;41;;;347.5;;
LUG;01.12.1927 00:00;3.5;14.2;-9.6;;;;69.7;5.8;979.2;;;;;0.6;;2.2;;114.4;;;;;3168;26;;;512.1;;
LUG;01.01.1928 00:00;2.7;16.5;-6.2;;;;62.1;4.6;986.3;;;;;0.1;;0.4;;34.2;;;;;6516;49;;;535.5;;
LUG;01.02.1928 00:00;5.5;24.8;-4.2;;;;58.3;5.3;989.8;;;;;0.6;;2.2;;0;;;;;11058;71;;;419.7;;
LUG;01.03.1928 00:00;6.9;20.2;-1.6;;;;72;7.1;981;;;;;0.1;;0.4;;241.6;;;;;3288;16;;;400.1;;
LUG;01.04.1928 00:00;11.8;23.5;2.6;;;;65.7;9;976.9;;;;;0.2;;0.7;;317.8;;;;;9396;43;;;170.8;;
LUG;01.05.1928 00:00;13.6;26.6;2.4;;;;57.3;8.9;977.8;;;;;0.4;;1.4;;363.6;;;;;12276;52;;;88.4;;
LUG;01.06.1928 00:00;20.1;31.8;9.4;;;;58.2;13.5;984.1;;;;;0.4;;1.4;;146.7;;;;;14190;60;;;0;;
LUG;01.07.1928 00:00;25.3;36.2;13;;;;51.7;16.3;985.5;;;;;0;;0;;164.4;;;;;19146;80;;;0;;
LUG;01.08.1928 00:00;22.1;35.2;10.6;;;;55.8;15.2;983.5;;;;;0.4;;1.4;;267;;;;;16566;73;;;0;;
LUG;01.09.1928 00:00;17;30.4;3;;;;68.9;13.3;984.9;;;;;0.1;;0.4;;136.6;;;;;10572;52;;;8.4;;
LUG;01.10.1928 00:00;11.4;23.4;0.5;;;;73.6;10;984.6;;;;;0.1;;0.4;;549.5;;;;;9906;55;;;158.3;;
LUG;01.11.1928 00:00;7.6;15.8;-2.5;;;;69.3;7.3;979.8;;;;;0.2;;0.7;;114.3;;;;;5256;38;;;370.8;;
LUG;01.12.1928 00:00;2.6;15;-7.6;;;;63;4.6;983.6;;;;;0.4;;1.4;;36.7;;;;;6960;55;;;540.8;;
LUG;01.01.1929 00:00;-0.5;7;-9;;;;61.8;3.7;986.8;;;;;0.6;;2.2;;53.8;;;;;8130;60;;;636.3;;
LUG;01.02.1929 00:00;-1.2;9.2;-14;;;;63.5;3.6;982.2;;;;;0.1;;0.4;;1.5;;;;;7824;53;;;593.3;;
LUG;01.03.1929 00:00;7.4;27;-6.2;;;;62.7;6.5;989.1;;;;;0;;0;;22;;;;;13302;66;;;371.3;;
LUG;01.04.1929 00:00;10;26;-1.4;;;;59.8;7.4;978.2;;;;;0.4;;1.4;;253.7;;;;;11340;53;;;250.6;;
LUG;01.05.1929 00:00;16;29.2;3;;;;64.6;11.7;981.5;;;;;0.1;;0.4;;269.8;;;;;12912;55;;;58;;
LUG;01.06.1929 00:00;20.5;30.2;10;;;;65.6;15.9;982.9;;;;;0.1;;0.4;;141.1;;;;;15510;66;;;0;;
LUG;01.07.1929 00:00;22.9;35.2;8;;;;61.7;17.2;985.3;;;;;0.1;;0.4;;142.8;;;;;17754;74;;;0;;
LUG;01.08.1929 00:00;20.1;31;9.8;;;;66.9;15.8;983.9;;;;;0.2;;0.7;;195.5;;;;;14646;65;;;0;;
LUG;01.09.1929 00:00;19.6;33.8;7;;;;67.4;15.3;987.3;;;;;0.2;;0.7;;7;;;;;15204;75;;;0;;
LUG;01.10.1929 00:00;12.4;27;1.4;;;;74.3;10.8;982.3;;;;;0.2;;0.7;;211.8;;;;;7098;40;;;137.9;;
LUG;01.11.1929 00:00;7.1;16.5;-3.4;;;;74;7.5;983.2;;;;;0.1;;0.4;;116.4;;;;;5406;39;;;388;;
LUG;01.12.1929 00:00;4.3;16.5;-6;;;;69.3;5.9;985.9;;;;;0.4;;1.4;;98.8;;;;;6954;56;;;486.1;;
LUG;01.01.1930 00:00;2.1;11;-3.6;;;;84.5;6;986.3;;;;;0;;0;;99.6;;;;;5574;42;;;554.3;;
LUG;01.02.1930 00:00;2.5;10;-4.4;;;;64.7;4.7;983.9;;;;;0.1;;0.4;;16.2;;;;;5394;37;;;489.3;;
LUG;01.03.1930 00:00;7.6;21;-1.8;;;;65.4;6.7;980.9;;;;;0.2;;0.7;;120.3;;;;;9000;45;;;370.3;;
LUG;01.04.1930 00:00;10.9;22.2;2.5;;;;72.3;9.3;974.5;;;;;0.1;;0.4;;253.3;;;;;6018;28;;;228.1;;
LUG;01.05.1930 00:00;14.1;26;5.2;;;;67.5;10.7;981.7;;;;;0.2;;0.7;;213.6;;;;;10098;43;;;85.3;;
LUG;01.06.1930 00:00;20.3;30.8;11.8;;;;66.9;15.9;983.7;;;;;0;;0;;149;;;;;13758;58;;;0;;
LUG;01.07.1930 00:00;19.9;32.8;8.8;;;;61.6;14.5;980;;;;;0.4;;1.4;;194.9;;;;;16170;67;;;0;;
LUG;01.08.1930 00:00;19.7;30.6;9.6;;;;64.6;15;984.7;;;;;0.4;;1.4;;150.3;;;;;14454;64;;;0;;
LUG;01.09.1930 00:00;17.2;29.2;7.8;;;;70.4;14;983.3;;;;;0.6;;2.2;;225.3;;;;;11376;56;;;8.3;;
LUG;01.10.1930 00:00;11.1;27;1;;;;64.5;8.6;983.4;;;;;0.8;;2.9;;52.5;;;;;10560;59;;;204.5;;
LUG;01.11.1930 00:00;7.4;19.4;-1;;;;66;6.9;984.3;;;;;0.6;;2.2;;99.1;;;;;6912;48;;;371.8;;
LUG;01.12.1930 00:00;3.3;11.2;-4.4;;;;67.5;5.3;983;;;;;0.1;;0.4;;33.1;;;;;6720;54;;;517.3;;
LUG;01.01.1931 00:00;1.7;11.5;-7.5;;;;60.1;4.2;981;;;;;0.1;;0.4;;23.6;;;;;7721;57;;;567.9;;
LUG;01.02.1931 00:00;2.5;12;-6.8;;;;54.3;3.9;977.4;;;;;0.4;;1.4;;156.4;;;;;9036;61;;;488.6;;
LUG;01.03.1931 00:00;5.5;20.2;-4;;;;58.2;5.2;979.9;;;;;0.1;;0.4;;48.8;;;;;9714;48;;;442.5;;
LUG;01.04.1931 00:00;9.6;22.5;-1.4;;;;58.8;6.9;979.6;;;;;0.1;;0.4;;65.6;;;;;11574;54;;;275;;
LUG;01.05.1931 00:00;15.5;31.2;5.5;;;;65.8;11.7;982.3;;;;;0.2;;0.7;;212.8;;;;;11994;51;;;57.3;;
LUG;01.06.1931 00:00;21.4;33.5;11;;;;55.8;14.4;985.2;;;;;0.1;;0.4;;105.3;;;;;17430;74;;;0;;
LUG;01.07.1931 00:00;20.7;32.6;10.5;;;;56.8;13.9;981.6;;;;;0.2;;0.7;;183.4;;;;;17802;74;;;0;;
LUG;01.08.1931 00:00;19.2;31.8;9;;;;74.7;16.7;980.5;;;;;0.4;;1.4;;263.9;;;;;14334;63;;;0;;
LUG;01.09.1931 00:00;14.1;27.6;3;;;;71.3;11.6;983.4;;;;;0.6;;2.2;;117.9;;;;;13572;67;;;35.5;;
LUG;01.10.1931 00:00;11.4;26;1.6;;;;80;10.8;985.1;;;;;0.2;;0.7;;171.9;;;;;10158;56;;;196;;
LUG;01.11.1931 00:00;7.3;12.8;-0.4;;;;88.4;9.1;985.1;;;;;0.1;;0.4;;224;;;;;4680;33;;;380.7;;
LUG;01.12.1931 00:00;2.1;21.4;-7.2;;;;63.2;4.6;989;;;;;0.4;;1.4;;13.6;;;;;9618;76;;;555.5;;
LUG;01.01.1932 00:00;2.8;11.4;-4.6;;;;74.4;5.5;994.3;;;;;0.1;;0.4;;22.6;;;;;9510;70;;;532.9;;
LUG;01.02.1932 00:00;-0.2;12.6;-10.6;;;;70.1;4.3;987;;;;;0.2;;0.7;;11.4;;;;;11172;72;;;584.7;;
LUG;01.03.1932 00:00;4.9;15.6;-3.2;;;;70.5;5.9;981.3;;;;;0.2;;0.7;;68.9;;;;;9906;49;;;469.4;;
LUG;01.04.1932 00:00;9.1;19.2;0.2;;;;64.8;7.4;978.6;;;;;2.4;;8.6;;150.1;;;;;8718;40;;;322.7;;
LUG;01.05.1932 00:00;14.2;28.4;3.2;;;;67.7;10.7;980.2;;;;;2.7;;9.7;;518.6;;;;;12048;51;;;97.8;;
LUG;01.06.1932 00:00;17.7;28.8;7;;;;66.7;13.4;982.5;;;;;2.4;;8.6;;286.1;;;;;13488;57;;;0;;
LUG;01.07.1932 00:00;19.5;30;8.2;;;;76;17.2;980.9;;;;;2.4;;8.6;;290.7;;;;;12090;51;;;0;;
LUG;01.08.1932 00:00;22.2;33.6;11.6;;;;68.1;18.3;986.2;;;;;2.4;;8.6;;106.1;;;;;17814;79;;;0;;
LUG;01.09.1932 00:00;18.9;29.8;11.8;;;;81.8;17.9;984.2;;;;;2.4;;8.6;;317.9;;;;;9804;48;;;0;;
LUG;01.10.1932 00:00;11;23.6;0.8;;;;76.5;10.1;979.4;;;;;2.4;;8.6;;99.5;;;;;9168;52;;;219.8;;
LUG;01.11.1932 00:00;7.4;16;0.2;;;;81.5;8.4;987.1;;;;;2;;7.2;;61.9;;;;;6252;44;;;371.3;;
LUG;01.12.1932 00:00;4.2;10.6;-2.8;;;;81.8;7;991.4;;;;;1.7;;6.1;;122.5;;;;;5526;44;;;488.7;;
LUG;01.01.1933 00:00;1.6;9.4;-9;;;;71.7;4.9;986.1;;;;;2;;7.2;;96;;;;;5100;38;;;570.7;;
LUG;01.02.1933 00:00;2.7;14.6;-4.2;;;;69.5;5.1;980.7;;;;;2;;7.2;;3.9;;;;;7272;49;;;483.7;;
LUG;01.03.1933 00:00;7.3;20.6;-2;;;;65.2;6.4;985.4;;;;;2;;7.2;;110.6;;;;;11394;56;;;385.6;;
LUG;01.04.1933 00:00;12.1;26.6;0.6;;;;65.2;9.1;982.6;;;;;2.4;;8.6;;96.3;;;;;12516;58;;;120.1;;
LUG;01.05.1933 00:00;15;27.2;5.6;;;;59.6;10;979.6;;;;;2.4;;8.6;;117.1;;;;;12318;52;;;0;;
LUG;01.06.1933 00:00;16.3;28.4;6.6;;;;66.5;12.2;977.7;;;;;2.4;;8.6;;255.6;;;;;11040;47;;;17;;
LUG;01.07.1933 00:00;21.7;32.8;8;;;;64.6;16.8;985.4;;;;;2.4;;8.6;;64.5;;;;;18672;78;;;0;;
LUG;01.08.1933 00:00;21.6;36.4;10.4;;;;61.5;15.8;984.6;;;;;2.4;;8.6;;107.2;;;;;18420;81;;;0;;
LUG;01.09.1933 00:00;17.3;31.4;6.6;;;;73.9;14.4;984.7;;;;;2;;7.2;;183.9;;;;;10014;49;;;0;;
LUG;01.10.1933 00:00;12.2;25.2;1;;;;76.1;11.3;982.2;;;;;2.4;;8.6;;257.3;;;;;9084;50;;;177.3;;
LUG;01.11.1933 00:00;4.9;12.8;-2.2;;;;83.9;7.3;978.7;;;;;2;;7.2;;228.4;;;;;3600;25;;;452.2;;
LUG;01.12.1933 00:00;0.9;12;-8.4;;;;78.7;5.2;980.6;;;;;1.7;;6.1;;79.2;;;;;4734;38;;;592.8;;
LUG;01.01.1934 00:00;1.8;10.2;-4.6;;;;64.2;4.4;989.7;;;;;2.4;;8.6;;18.9;;;;;8292;61;;;562.8;;
LUG;01.02.1934 00:00;4.5;18;-5.8;;;;61.9;5.1;989.2;;;;;2.4;;8.6;;34;;;;;10860;73;;;433.7;;
LUG;01.03.1934 00:00;6.7;19.2;-2;;;;70.8;6.8;975.8;;;;;2.4;;8.6;;206.2;;;;;6366;32;;;411.8;;
LUG;01.04.1934 00:00;11.7;27;2.2;;;;72.1;10.1;979.7;;;;;2;;7.2;;273.8;;;;;8058;37;;;189;;
LUG;01.05.1934 00:00;16.9;28.4;7.6;;;;71.5;13.9;983.5;;;;;1.7;;6.1;;177.3;;;;;12306;52;;;8;;
LUG;01.06.1934 00:00;18.7;30.4;8.2;;;;64.2;13.9;982.1;;;;;2.4;;8.6;;137.2;;;;;15216;64;;;0;;
LUG;01.07.1934 00:00;22.1;31.6;10.6;;;;65.8;17.6;981.6;;;;;2;;7.2;;254.2;;;;;16806;71;;;0;;
LUG;01.08.1934 00:00;18.8;30;9;;;;76;16.8;980.8;;;;;2.4;;8.6;;412.4;;;;;13050;58;;;0;;
LUG;01.09.1934 00:00;18;29;8.6;;;;70.5;14.9;986.3;;;;;2.4;;8.6;;41.3;;;;;14352;71;;;0;;
LUG;01.10.1934 00:00;10.9;25;1.4;;;;69.5;9.1;985.5;;;;;2.7;;9.7;;115.8;;;;;13014;73;;;231.5;;
LUG;01.11.1934 00:00;5.4;13.8;-1.8;;;;75.8;6.9;984.7;;;;;2.4;;8.6;;361;;;;;6816;50;;;436.9;;
LUG;01.12.1934 00:00;4.4;10.4;-2.4;;;;79.2;6.8;981.1;;;;;1.4;;5;;108.3;;;;;4860;39;;;484;;
LUG;01.01.1935 00:00;1.1;13.4;-7.4;;;;62.8;4;983.5;;;;;2.7;;9.7;;11.7;;;;;7914;59;;;587;;
LUG;01.02.1935 00:00;4.4;19.4;-8.6;;;;60.6;4.8;977.7;;;;;2.7;;9.7;;125.3;;;;;8772;59;;;435.5;;
LUG;01.03.1935 00:00;7.1;23.6;-5.2;;;;50.6;4.9;986.6;;;;;3.1;;11.2;;2.4;;;;;13908;69;;;379;;
LUG;01.04.1935 00:00;10.5;22.6;-1.2;;;;54.4;6.9;978.9;;;;;2.4;;8.6;;100;;;;;11208;52;;;209.9;;
LUG;01.05.1935 00:00;12.6;24.4;0.6;;;;67;10;981.6;;;;;2;;7.2;;265.7;;;;;7908;34;;;110;;
LUG;01.06.1935 00:00;20.4;36.2;7.8;;;;60.4;14.5;984.9;;;;;1.7;;6.1;;131.9;;;;;16470;70;;;0;;
LUG;01.07.1935 00:00;22.1;33.6;13.2;;;;55.5;14.5;984;;;;;2.4;;8.6;;96.3;;;;;18168;76;;;0;;
LUG;01.08.1935 00:00;19.6;32;9.4;;;;65.1;14.6;983;;;;;2.7;;9.7;;221.6;;;;;12846;57;;;0;;
LUG;01.09.1935 00:00;16.9;28.6;6.6;;;;67.7;12.9;985.2;;;;;2;;7.2;;82.5;;;;;13986;69;;;0;;
LUG;01.10.1935 00:00;12.5;21;2;;;;79.4;11.6;980.6;;;;;2;;7.2;;355.1;;;;;5406;31;;;112;;
LUG;01.11.1935 00:00;7.6;15;-1.8;;;;78.1;8.4;982.7;;;;;2;;7.2;;287.6;;;;;4848;36;;;362.7;;
LUG;01.12.1935 00:00;1.8;12;-8.4;;;;73;5.1;975.8;;;;;2.4;;8.6;;250.9;;;;;4674;37;;;565;;
LUG;01.01.1936 00:00;3.4;14;-3;;;;78.7;6.1;979.6;;;;;1.7;;6.1;;129.3;;;;;4254;32;;;515.3;;
LUG;01.02.1936 00:00;3.3;13.2;-4;;;;64.9;5.1;975.5;;;;;2.4;;8.6;;97.6;;;;;6966;46;;;483.4;;
LUG;01.03.1936 00:00;8.2;20.6;0;;;;77.8;8.7;980.8;;;;;2;;7.2;;165.6;;;;;8328;41;;;343.2;;
LUG;01.04.1936 00:00;10.8;21.6;1.6;;;;74.2;9.7;977.5;;;;;2;;7.2;;267.9;;;;;6486;30;;;215.1;;
LUG;01.05.1936 00:00;15.5;26.2;5.6;;;;71.3;12.6;978.6;;;;;1.7;;6.1;;261;;;;;10968;47;;;9.4;;
LUG;01.06.1936 00:00;18.5;30.8;4.2;;;;68.2;14.9;982.5;;;;;1.4;;5;;221.4;;;;;12540;53;;;20.1;;
LUG;01.07.1936 00:00;20.2;30.4;10;;;;71;16.8;982.6;;;;;1.7;;6.1;;242.7;;;;;12354;52;;;0;;
LUG;01.08.1936 00:00;20.4;30;11.2;;;;69.8;16.6;985.3;;;;;2.4;;8.6;;54.9;;;;;16560;73;;;0;;
LUG;01.09.1936 00:00;16.5;29.6;2;;;;72.9;14;985.1;;;;;2;;7.2;;206.4;;;;;10176;50;;;40.9;;
LUG;01.10.1936 00:00;9.2;18.6;0.2;;;;72.1;8.3;982.9;;;;;2.7;;9.7;;15.3;;;;;11778;66;;;335.4;;
LUG;01.11.1936 00:00;5.9;14.8;-2.4;;;;82.9;7.8;984.7;;;;;1.7;;6.1;;96.1;;;;;7110;51;;;424.1;;
LUG;01.12.1936 00:00;3.4;12.6;-3;;;;80.6;6.3;990.9;;;;;1.7;;6.1;;62.3;;;;;7841;63;;;515.9;;
LUG;01.01.1937 00:00;1.7;10.6;-4.4;;;;78.7;5.4;986.5;;;;;1.4;;5;;48.9;;;;;7020;53;;;567.1;;
LUG;01.02.1937 00:00;5.4;16;-2.4;;;;66.3;5.9;977;;;;;2.4;;8.6;;97.4;;;;;9516;64;;;408.6;;
LUG;01.03.1937 00:00;5.7;17;-2.8;;;;72.2;6.5;974.5;;;;;2;;7.2;;284.9;;;;;6348;32;;;442.2;;
LUG;01.04.1937 00:00;11.7;22.6;2.8;;;;65;8.7;978;;;;;2.4;;8.6;;112.7;;;;;12492;58;;;162.9;;
LUG;01.05.1937 00:00;16.2;29;5.6;;;;70.6;13.1;984.8;;;;;1.7;;6.1;;185.1;;;;;11958;51;;;26.6;;
LUG;01.06.1937 00:00;19.7;31.4;9;;;;70.3;16.3;983.6;;;;;1.7;;6.1;;197.1;;;;;13620;58;;;0;;
LUG;01.07.1937 00:00;21.4;30.4;11.6;;;;68.5;17.8;982.6;;;;;1.7;;6.1;;290.5;;;;;17472;73;;;0;;
LUG;01.08.1937 00:00;20.7;30.8;11;;;;70.2;17.4;982;;;;;2.4;;8.6;;87.8;;;;;15456;68;;;0;;
LUG;01.09.1937 00:00;16.4;28.6;6.2;;;;77.8;14.7;982.1;;;;;2.4;;8.6;;225;;;;;8802;43;;;16.4;;
LUG;01.10.1937 00:00;11.9;20.6;3;;;;82.5;11.6;985.1;;;;;2.4;;8.6;;336.3;;;;;5646;31;;;180.9;;
LUG;01.11.1937 00:00;6.6;15.6;-1.6;;;;72.6;7.1;982;;;;;2;;7.2;;140.9;;;;;7950;57;;;402.4;;
LUG;01.12.1937 00:00;1.8;11;-6.4;;;;71.1;5;978.9;;;;;2;;7.2;;73.9;;;;;4986;41;;;564.2;;
LUG;01.01.1938 00:00;1.2;13.6;-8.4;;;;66.7;4.6;983.8;;;;;2;;7.2;;16.9;;;;;7326;55;;;581.3;;
LUG;01.02.1938 00:00;3.5;12.8;-2.4;;;;65.1;5;989.3;;;;;2.4;;8.6;;25.6;;;;;10182;68;;;462;;
LUG;01.03.1938 00:00;10;24;-1.8;;;;57.8;6.8;990.9;;;;;2.4;;8.6;;10.6;;;;;14892;74;;;291.8;;
LUG;01.04.1938 00:00;10.4;27.4;-2;;;;50.2;6.3;982.9;;;;;2.7;;9.7;;52;;;;;15683;73;;;244.5;;
LUG;01.05.1938 00:00;13.3;25.2;2.6;;;;67.4;10.2;981.4;;;;;1.7;;6.1;;254.7;;;;;8610;37;;;123.6;;
LUG;01.06.1938 00:00;20.6;31.8;8.6;;;;65.4;16.1;985.1;;;;;1.7;;6.1;;263.9;;;;;15612;66;;;0;;
LUG;01.07.1938 00:00;21.1;31.2;10.4;;;;63.7;16.1;983.3;;;;;2;;7.2;;189;;;;;15803;66;;;0;;
LUG;01.08.1938 00:00;19.8;32;8.6;;;;68.3;15.9;980.7;;;;;2;;7.2;;316.4;;;;;13350;59;;;0;;
LUG;01.09.1938 00:00;16.3;26.4;7.8;;;;75.7;14;986;;;;;1.7;;6.1;;181;;;;;9492;46;;;0;;
LUG;01.10.1938 00:00;11.9;20.6;2.2;;;;83.3;11.9;984.4;;;;;1.7;;6.1;;158.1;;;;;9576;54;;;125.6;;
LUG;01.11.1938 00:00;7.7;19.4;0.2;;;;79;8.3;987.4;;;;;1.7;;6.1;;149.9;;;;;8466;59;;;355.4;;
LUG;01.12.1938 00:00;2.1;14;-8.8;;;;75.2;5.6;981.1;;;;;2;;7.2;;108.3;;;;;4782;38;;;554.5;;
LUG;01.01.1939 00:00;2.5;12.6;-5.6;;;;76.2;5.7;980.3;;;;;2;;7.2;;195.8;;;;;5838;44;;;541.1;;
LUG;01.02.1939 00:00;4.8;20.2;-3.4;;;;68.5;5.8;988;;;;;1.7;;6.1;;84.2;;;;;9066;62;;;425.9;;
LUG;01.03.1939 00:00;5.5;16.2;-2.4;;;;55.2;5;979.1;;;;;3.1;;11.2;;3.9;;;;;12102;61;;;450;;
LUG;01.04.1939 00:00;11.9;22;1.8;;;;69.5;9.4;981.6;;;;;1.7;;6.1;;256.2;;;;;9270;43;;;162;;
LUG;01.05.1939 00:00;12.7;27;3.4;;;;70.1;10;977.9;;;;;2;;7.2;;303.2;;;;;6954;30;;;129.9;;
LUG;01.06.1939 00:00;18.6;28.4;7.8;;;;68.7;14.5;982;;;;;1.7;;6.1;;323.6;;;;;12342;52;;;8.6;;
LUG;01.07.1939 00:00;20.1;29.8;8.2;;;;64.9;15.3;983.8;;;;;2;;7.2;;238.3;;;;;15456;65;;;0;;
LUG;01.08.1939 00:00;19.7;30.2;11.4;;;;73.6;16.9;983.3;;;;;2;;7.2;;355.9;;;;;12150;54;;;0;;
LUG;01.09.1939 00:00;16.4;28;4.6;;;;76.6;14.6;982.4;;;;;1.7;;6.1;;149.7;;;;;9612;48;;;28.4;;
LUG;01.10.1939 00:00;11.3;20.6;-1;;;;73.8;10.3;979.1;;;;;1.7;;6.1;;113.2;;;;;5724;32;;;182.7;;
LUG;01.11.1939 00:00;8;21.6;-2.4;;;;71.7;7.9;985.7;;;;;2;;7.2;;134.1;;;;;7110;52;;;349.1;;
LUG;01.12.1939 00:00;2.2;11.6;-8.8;;;;73.8;5.4;982.7;;;;;1.7;;6.1;;84.1;;;;;4728;38;;;551;;
LUG;01.01.1940 00:00;0.1;8.2;-8.8;;;;68.6;4.3;980.7;;;;;2;;7.2;;4.4;;;;;6372;48;;;616;;
LUG;01.02.1940 00:00;3.1;19.8;-8.4;;;;68.5;5.4;982.1;;;;;2;;7.2;;14.1;;;;;8094;52;;;490.4;;
LUG;01.03.1940 00:00;7;19.2;-3.2;;;;61.2;6.3;982.6;;;;;2.4;;8.6;;72.9;;;;;10848;54;;;401.8;;
LUG;01.04.1940 00:00;11.6;18.2;3.8;;;;63.3;8.8;981.2;;;;;2;;7.2;;139.5;;;;;11838;55;;;167;;
LUG;01.05.1940 00:00;15.7;25.6;6;;;;62.1;10.8;979.5;;;;;2.7;;9.7;;152.4;;;;;12084;52;;;34.7;;
LUG;01.06.1940 00:00;17.5;28.2;8.2;;;;66.8;13.2;981.8;;;;;1.1;;4;;284.8;;;;;12834;55;;;0;;
LUG;01.07.1940 00:00;19.5;32;9.6;;;;64.4;14.6;982.7;;;;;1.7;;6.1;;358.6;;;;;14952;63;;;0;;
LUG;01.08.1940 00:00;20.2;29.2;9.4;;;;59.8;14.3;984.9;;;;;2.4;;8.6;;37.8;;;;;16914;75;;;0;;
LUG;01.09.1940 00:00;17.5;28.8;8.2;;;;68.2;13.6;984.3;;;;;2;;7.2;;73.4;;;;;10722;52;;;8.8;;
LUG;01.10.1940 00:00;11.7;21.6;1.4;;;;80;11.1;981.2;;;;;1.7;;6.1;;192.7;;;;;4662;26;;;155.4;;
LUG;01.11.1940 00:00;8.1;19;0;;;;66.1;7.1;982.1;;;;;2.4;;8.6;;146.3;;;;;6714;48;;;342.9;;
LUG;01.12.1940 00:00;0.2;11.4;-9.4;;;;60.3;3.7;984.7;;;;;2;;7.2;;1.6;;;;;6618;53;;;613.2;;
LUG;01.01.1941 00:00;1.3;10.4;-6.2;;;;74.6;5.1;976;;;;;1.7;;6.1;;131.1;;;;;4548;34;;;581.2;;
LUG;01.02.1941 00:00;3;14.6;-6.2;;;;68;5.1;974.8;;;;;2;;7.2;;98.5;;;;;7926;52;;;476.3;;
LUG;01.03.1941 00:00;7.5;21.6;-1;;;;64.6;6.5;981.1;;;;;2;;7.2;;209;;;;;11370;57;;;381.9;;
LUG;01.04.1941 00:00;10.1;24.8;-0.6;;;;65;7.9;978.3;;;;;2;;7.2;;275.3;;;;;8046;37;;;243.7;;
LUG;01.05.1941 00:00;12.4;23.2;5;;;;66.1;9.4;979.1;;;;;1.7;;6.1;;321;;;;;10254;44;;;119.1;;
LUG;01.06.1941 00:00;19.2;31;8;;;;63.3;13.9;984;;;;;1.7;;6.1;;259.4;;;;;16373;69;;;0;;
LUG;01.07.1941 00:00;21.2;31;10.8;;;;63.6;15.9;983.2;;;;;1.7;;6.1;;183.9;;;;;14862;62;;;0;;
LUG;01.08.1941 00:00;19.5;30.4;9;;;;62;13.9;982.1;;;;;2.4;;8.6;;29.9;;;;;14844;66;;;0;;
LUG;01.09.1941 00:00;16.8;27.4;6.4;;;;62.5;11.8;988.1;;;;;1.7;;6.1;;87.6;;;;;12618;62;;;0;;
LUG;01.10.1941 00:00;11.6;24.4;-2;;;;63.5;9.2;984.3;;;;;2.4;;8.6;;51.6;;;;;10548;59;;;177.2;;
LUG;01.11.1941 00:00;5.6;14.6;-1.2;;;;74.2;6.8;985.7;;;;;1.4;;5;;164.7;;;;;3252;23;;;431.8;;
LUG;01.12.1941 00:00;3.3;18.8;-8.4;;;;54.2;4.1;988.8;;;;;2.4;;8.6;;0.7;;;;;10272;82;;;518.5;;
LUG;01.01.1942 00:00;-0.2;12;-6.4;;;;65.7;4;979.7;;;;;2.4;;8.6;;15.8;;;;;5856;43;;;624.9;;
LUG;01.02.1942 00:00;2.3;12.2;-6;;;;62.8;4.6;978.2;;;;;2.4;;8.6;;52.5;;;;;6804;47;;;495.9;;
LUG;01.03.1942 00:00;8.3;20.4;-0.2;;;;71.2;7.6;982.5;;;;;1.4;;5;;78.8;;;;;8226;41;;;355.5;;
LUG;01.04.1942 00:00;11.2;23;2.6;;;;66;8.6;981.7;;;;;1.4;;5;;125.6;;;;;8706;41;;;186.1;;
LUG;01.05.1942 00:00;15.6;28.8;0.6;;;;62.7;11.2;982.7;;;;;1.7;;6.1;;94.7;;;;;12816;55;;;42.8;;
LUG;01.06.1942 00:00;19.6;30.2;7.2;;;;62.2;14.3;983.5;;;;;2;;7.2;;148.4;;;;;15084;64;;;8;;
LUG;01.07.1942 00:00;21.4;31.4;10.4;;;;61.8;15.7;983.1;;;;;2.4;;8.6;;148.5;;;;;17046;72;;;0;;
LUG;01.08.1942 00:00;20.6;30.4;11.2;;;;66.7;16.1;984.9;;;;;1.7;;6.1;;126.6;;;;;13710;61;;;0;;
LUG;01.09.1942 00:00;18.9;31.4;6.2;;;;73.9;16.1;984.7;;;;;2;;7.2;;237;;;;;10596;52;;;17.6;;
LUG;01.10.1942 00:00;14.5;26.8;5.8;;;;76.3;12.4;985.9;;;;;2;;7.2;;206.3;;;;;11034;60;;;26;;
LUG;01.11.1942 00:00;6.6;18.8;-4;;;;65.9;6.7;985.3;;;;;2.4;;8.6;;37.1;;;;;9348;68;;;381.3;;
LUG;01.12.1942 00:00;3.5;12.8;-4.2;;;;76.2;6.1;988.2;;;;;2;;7.2;;132.8;;;;;5538;44;;;510;;
LUG;01.01.1943 00:00;1.8;13.2;-5.4;;;;69.8;4.8;983.2;;;;;1.4;;5;;38.3;;;;;6918;52;;;565;;
LUG;01.02.1943 00:00;5.6;18.4;-3.4;;;;58.4;5.2;990.6;;;;;2;;7.2;;20.3;;;;;10776;71;;;404.3;;
LUG;01.03.1943 00:00;8.8;23.6;-1;;;;62.1;6.9;987;;;;;1.7;;6.1;;68.2;;;;;10008;51;;;321.2;;
LUG;01.04.1943 00:00;13.8;26.4;3.2;;;;55.6;8.8;987.2;;;;;2.7;;9.7;;65.8;;;;;14442;68;;;46.3;;
LUG;01.05.1943 00:00;16.5;31.4;5.8;;;;63.1;11.6;984.6;;;;;1.7;;6.1;;217.8;;;;;14046;60;;;64.1;;
LUG;01.06.1943 00:00;19.7;33.8;9.6;;;;55.8;12.8;984.6;;;;;2;;7.2;;59.7;;;;;15828;67;;;0;;
LUG;01.07.1943 00:00;21.1;31.6;10;;;;62.5;15.5;982.6;;;;;2;;7.2;;139.7;;;;;17418;73;;;0;;
LUG;01.08.1943 00:00;22.6;34.6;10;;;;58.1;15.8;983.5;;;;;2.4;;8.6;;57;;;;;17844;79;;;0;;
LUG;01.09.1943 00:00;18.2;28.6;8.2;;;;71.7;15;984;;;;;2.4;;8.6;;278.2;;;;;9702;47;;;16.8;;
LUG;01.10.1943 00:00;13.4;23.6;7.2;;;;78.6;12.1;986.2;;;;;1.7;;6.1;;104.1;;;;;7332;40;;;78.5;;
LUG;01.11.1943 00:00;6.3;16.8;-2.4;;;;65.9;6.5;981.9;;;;;2.4;;8.6;;45.6;;;;;6690;48;;;395.2;;
LUG;01.12.1943 00:00;4.4;12.2;-3;;;;73.7;6.2;987.9;;;;;2;;7.2;;95.8;;;;;6330;51;;;483.4;;
LUG;01.01.1944 00:00;2.8;24.6;-5;;;;62.4;4.6;990.7;;;;;2.4;;8.6;;0;;;;;8904;66;;;532.8;;
LUG;01.02.1944 00:00;3.1;14.4;-4;;;;56.2;4.3;977.8;;;;;3.1;;11.2;;48.6;;;;;9546;62;;;490.7;;
LUG;01.03.1944 00:00;7.2;21.4;-2;;;;44;4.4;979;;;;;3.5;;12.6;;0.1;;;;;15330;76;;;390.9;;
LUG;01.04.1944 00:00;12.9;25.4;0.6;;;;56.2;8.1;984.5;;;;;2.4;;8.6;;55.3;;;;;11898;55;;;95;;
LUG;01.05.1944 00:00;15.6;28.8;7;;;;63.8;11.1;984.4;;;;;1.7;;6.1;;147.9;;;;;13494;58;;;8;;
LUG;01.06.1944 00:00;18.8;28.4;10.8;;;;61.3;13.1;979.9;;;;;2;;7.2;;106.8;;;;;12606;54;;;0;;
LUG;01.07.1944 00:00;20.9;30.4;11.6;;;;64.4;15.6;981.4;;;;;2;;7.2;;313.8;;;;;15108;63;;;0;;
LUG;01.08.1944 00:00;21.7;31.4;13.6;;;;71.5;18.4;984.9;;;;;2;;7.2;;75.2;;;;;14352;63;;;0;;
LUG;01.09.1944 00:00;16.4;28.2;5.2;;;;67.7;12.7;986.7;;;;;2.4;;8.6;;100.5;;;;;8178;41;;;9;;
LUG;01.10.1944 00:00;10.9;21.6;3.6;;;;75.3;9.7;978.9;;;;;2;;7.2;;376.8;;;;;6354;36;;;212.2;;
LUG;01.11.1944 00:00;5.3;18.6;-2.2;;;;64.9;5.8;980.7;;;;;2;;7.2;;42.4;;;;;8466;61;;;440.4;;
LUG;01.12.1944 00:00;2.1;13.2;-6.6;;;;63.1;4.5;984.5;;;;;2;;7.2;;39.3;;;;;6858;55;;;555.7;;
LUG;01.01.1945 00:00;-1;9.4;-10.8;;;;54;3.1;977.6;;;;;2.7;;9.7;;78.8;;;;;7536;56;;;650.6;;
LUG;01.02.1945 00:00;3.9;23.4;-3.6;;;;70.6;5.5;992.4;;;;;2;;7.2;;2.5;;;;;8040;53;;;445.6;;
LUG;01.03.1945 00:00;10.3;24.6;0.4;;;;54.1;6.6;990.9;;;;;2.4;;8.6;;92.8;;;;;14892;75;;;267;;
LUG;01.04.1945 00:00;14;30.6;3.2;;;;55.2;8.5;984.4;;;;;2.4;;8.6;;76.7;;;;;15540;72;;;56.3;;
LUG;01.05.1945 00:00;16.8;32.4;1;;;;65;12.4;982.5;;;;;1.7;;6.1;;213.1;;;;;14472;62;;;64.7;;
LUG;01.06.1945 00:00;21.5;34;8.6;;;;54.4;13.7;985.9;;;;;2;;7.2;;30.7;;;;;19266;82;;;0;;
LUG;01.07.1945 00:00;24.3;38;11;;;;50.7;15.2;982.6;;;;;2.4;;8.6;;38.6;;;;;20376;86;;;0;;
LUG;01.08.1945 00:00;20;34.6;9.2;;;;64.8;15;979.8;;;;;2;;7.2;;280.6;;;;;14094;62;;;0;;
LUG;01.09.1945 00:00;17.7;29;7.4;;;;64.5;13.4;985.3;;;;;2.4;;8.6;;114.1;;;;;14562;72;;;0;;
LUG;01.10.1945 00:00;12.6;22.8;3;;;;70.2;10.1;987.6;;;;;1.7;;6.1;;198.8;;;;;11460;63;;;89.5;;
LUG;01.11.1945 00:00;6.3;16;-2.4;;;;66.9;6.6;983.6;;;;;2;;7.2;;58.1;;;;;8814;65;;;410.4;;
LUG;01.12.1945 00:00;3.9;16;-4.8;;;;62.4;5;980.6;;;;;2.4;;8.6;;177.8;;;;;6378;51;;;497.7;;
LUG;01.01.1946 00:00;1.1;14.4;-6.8;;;;62.1;4.1;990.2;;;;;2.4;;8.6;;137.2;;;;;6510;49;;;587.2;;
LUG;01.02.1946 00:00;6.3;20.6;-3.2;;;;49.3;4.5;982.9;;;;;3.1;;11.2;;13.5;;;;;11172;74;;;362.7;;
LUG;01.03.1946 00:00;8;22;0.4;;;;67.9;7;981.3;;;;;1.4;;5;;154.6;;;;;7530;36;;;339.2;;
LUG;01.04.1946 00:00;13.2;28.4;5;;;;61.7;9.1;984.7;;;;;2;;7.2;;79;;;;;11004;52;;;68.1;;
LUG;01.05.1946 00:00;14.3;25.4;6.6;;;;76.4;12.3;980.4;;;;;1.7;;6.1;;363.4;;;;;7158;31;;;39.1;;
LUG;01.06.1946 00:00;17.6;30.4;8.6;;;;64.8;12.9;984;;;;;2.4;;8.6;;280.1;;;;;12168;52;;;8.3;;
LUG;01.07.1946 00:00;22.2;32.2;13.4;;;;59;15.8;984.3;;;;;2;;7.2;;115.9;;;;;16674;70;;;0;;
LUG;01.08.1946 00:00;20.2;32;9.6;;;;65.3;15.4;981.7;;;;;2.7;;9.7;;330.6;;;;;13638;60;;;0;;
LUG;01.09.1946 00:00;18.2;28.8;9.2;;;;69.2;14.2;985.7;;;;;2;;7.2;;86.7;;;;;14292;71;;;0;;
LUG;01.10.1946 00:00;11.5;25.4;1.2;;;;70.4;9.6;983.6;;;;;2.4;;8.6;;64.6;;;;;9822;54;;;205;;
LUG;01.11.1946 00:00;6.1;14.6;-1.4;;;;73.6;6.9;982.2;;;;;1.7;;6.1;;78.5;;;;;6264;45;;;415.9;;
LUG;01.12.1946 00:00;1.8;13.6;-6.8;;;;62.1;4.2;981.5;;;;;2.7;;9.7;;16.9;;;;;5946;48;;;564;;
LUG;01.01.1947 00:00;-0.8;14.8;-9.2;;;;66.9;3.9;984.3;;;;;2;;7.2;;12.8;;;;;6870;52;;;643.8;;
LUG;01.02.1947 00:00;1.7;13;-7.8;;;;76.7;5.3;973;;;;;1.7;;6.1;;151.6;;;;;4620;31;;;512.1;;
LUG;01.03.1947 00:00;6.5;22.2;-3.8;;;;70.3;6.8;978.7;;;;;2;;7.2;;266.5;;;;;5598;29;;;417.8;;
LUG;01.04.1947 00:00;13.4;29.8;1;;;;54.4;8.2;988.5;;;;;2;;7.2;;41.6;;;;;15186;70;;;105.6;;
LUG;01.05.1947 00:00;17.1;29.2;9.6;;;;65.2;12.5;983.5;;;;;1.7;;6.1;;115;;;;;9822;42;;;0;;
LUG;01.06.1947 00:00;20.9;33.2;10.4;;;;57.6;14.1;983.5;;;;;2.4;;8.6;;114.1;;;;;16446;70;;;0;;
LUG;01.07.1947 00:00;22.9;35.2;12.2;;;;61.9;17.2;983.1;;;;;2.4;;8.6;;125.9;;;;;16728;70;;;0;;
LUG;01.08.1947 00:00;22.3;36.2;13.8;;;;60.5;16;983.2;;;;;2.4;;8.6;;140.9;;;;;17100;75;;;0;;
LUG;01.09.1947 00:00;18.9;31;9.2;;;;61.8;13.1;986.5;;;;;2.4;;8.6;;258.6;;;;;14580;72;;;9.1;;
LUG;01.10.1947 00:00;12.7;23.8;3.4;;;;70.3;10.2;988.1;;;;;1.7;;6.1;;76.8;;;;;7871;43;;;126.2;;
LUG;01.11.1947 00:00;7.7;22.2;-1.4;;;;71.3;7.5;982;;;;;2.4;;8.6;;62.1;;;;;8382;60;;;362.6;;
LUG;01.12.1947 00:00;3.1;18;-8.2;;;;62;4.7;979.9;;;;;2.4;;8.6;;86.6;;;;;6828;55;;;516.5;;
LUG;01.01.1948 00:00;3.3;13.2;-3.4;;;;71.7;5.5;977.4;;;;;2;;7.2;;169;;;;;5340;40;;;516.9;;
LUG;01.02.1948 00:00;4.8;24.6;-5.6;;;;48;3.9;987;;;;;2.7;;9.7;;20.3;;;;;10992;71;;;430.4;;
LUG;01.03.1948 00:00;11.2;25.8;-1;;;;47.6;6;993.6;;;;;2.7;;9.7;;5.8;;;;;14592;73;;;205.4;;
LUG;01.04.1948 00:00;12.3;24.6;1.8;;;;58.4;8.1;981.2;;;;;2.7;;9.7;;158;;;;;10872;51;;;116.3;;
LUG;01.05.1948 00:00;15.4;25.6;3.6;;;;68.3;11.7;981.3;;;;;2;;7.2;;324.5;;;;;9528;41;;;29.3;;
LUG;01.06.1948 00:00;19.2;30;8;;;;47.3;10.6;981.5;;;;;2.7;;9.7;;141.4;;;;;15786;67;;;0;;
LUG;01.07.1948 00:00;19.8;30.6;8.8;;;;49.5;11.3;982.9;;;;;2;;7.2;;134.9;;;;;14112;59;;;0;;
LUG;01.08.1948 00:00;20.3;31.2;11.6;;;;60.1;14.2;982.7;;;;;2;;7.2;;443.1;;;;;13476;60;;;0;;
LUG;01.09.1948 00:00;17.7;27.8;9;;;;61.8;12.3;985.3;;;;;2;;7.2;;125.9;;;;;13338;66;;;0;;
LUG;01.10.1948 00:00;13.4;25;5;;;;72.3;11;986.3;;;;;1.7;;6.1;;167;;;;;7530;42;;;78.5;;
LUG;01.11.1948 00:00;8;20.4;-0.8;;;;67.3;7.3;991;;;;;2;;7.2;;4;;;;;7524;54;;;343.4;;
LUG;01.12.1948 00:00;3;13.6;-6;;;;66.7;5.2;992.8;;;;;2;;7.2;;26.2;;;;;7008;56;;;527.5;;
LUG;01.01.1949 00:00;3.6;17.4;-5;;;;56.5;4.3;990;;;;;3.1;;11.2;;119.1;;;;;9504;70;;;508.1;;
LUG;01.02.1949 00:00;4.9;21.8;-7;;;;45.2;3.9;993.7;;;;;3.1;;11.2;;0;;;;;13044;88;;;417.1;;
LUG;01.03.1949 00:00;6.4;21.8;-6.6;;;;43.8;4.2;984.6;;;;;3.5;;12.6;;22.4;;;;;13008;64;;;405.4;;
LUG;01.04.1949 00:00;14.5;31.4;2;;;;51.3;8.3;985.9;;;;;2.7;;9.7;;178.7;;;;;13494;63;;;88.9;;
LUG;01.05.1949 00:00;14.6;26.4;3.4;;;;67;11;980.3;;;;;2.4;;8.6;;287;;;;;8328;36;;;66.6;;
LUG;01.06.1949 00:00;20.3;32.8;8.2;;;;49.2;11.4;983.1;;;;;2.7;;9.7;;33.4;;;;;17604;75;;;0;;
LUG;01.07.1949 00:00;22.3;33.8;12.6;;;;45.8;12.1;984.3;;;;;2.4;;8.6;;146;;;;;17778;75;;;0;;
LUG;01.08.1949 00:00;21.7;33.6;10.6;;;;48.2;12.2;985.8;;;;;3.1;;11.2;;133.5;;;;;14328;63;;;0;;
LUG;01.09.1949 00:00;19.1;30.6;11;;;;64.2;14;987.8;;;;;2.4;;8.6;;60.5;;;;;11076;54;;;0;;
LUG;01.10.1949 00:00;14.5;25;6.4;;;;71;11.8;988.3;;;;;2.4;;8.6;;58.7;;;;;8298;46;;;48.4;;
LUG;01.11.1949 00:00;7.2;17.2;-0.2;;;;64.9;6.5;977.8;;;;;2.7;;9.7;;198.9;;;;;5892;42;;;383.8;;
LUG;01.12.1949 00:00;3.5;13.4;-3.8;;;;62.9;5;984.7;;;;;2.7;;9.7;;58.5;;;;;7410;60;;;512.9;;
LUG;01.01.1950 00:00;2;11.6;-6.4;;;;66.9;4.7;986.5;;;;;2.7;;9.7;;33.7;;;;;5622;43;;;557.8;;
LUG;01.02.1950 00:00;4.5;19.8;-4.2;;;;57.2;4.6;983.4;;;;;2.7;;9.7;;123.3;;;;;7062;47;;;432.7;;
LUG;01.03.1950 00:00;9.4;27;-2;;;;53.5;6.1;985.4;;;;;2.4;;8.6;;29.1;;;;;12990;65;;;300.1;;
LUG;01.04.1950 00:00;10.5;24.8;0.6;;;;56.3;6.9;976.8;;;;;2.7;;9.7;;228.4;;;;;9588;45;;;227;;
LUG;01.05.1950 00:00;16.3;27.2;8.2;;;;59.6;10.9;984.4;;;;;2.4;;8.6;;141.5;;;;;11856;51;;;0;;
LUG;01.06.1950 00:00;21.2;32.8;12.4;;;;56.1;13.8;985.6;;;;;2.4;;8.6;;166.6;;;;;16716;71;;;0;;
LUG;01.07.1950 00:00;23.8;33.8;13.6;;;;48.5;14.2;982.6;;;;;2.4;;8.6;;147.9;;;;;18366;77;;;0;;
LUG;01.08.1950 00:00;21.3;31.6;12.2;;;;60.4;14.9;982.3;;;;;2.4;;8.6;;269;;;;;13998;62;;;0;;
LUG;01.09.1950 00:00;16.9;29;7.6;;;;63.4;12.2;983.1;;;;;2.7;;9.7;;218.4;;;;;10722;53;;;0;;
LUG;01.10.1950 00:00;13;28.2;0.2;;;;63.1;9.6;985.5;;;;;2.7;;9.7;;5.6;;;;;9474;53;;;75.6;;
LUG;01.11.1950 00:00;6.7;16.4;-0.2;;;;62.9;6.1;981;;;;;2.7;;9.7;;224.5;;;;;6636;47;;;397.6;;
LUG;01.12.1950 00:00;2.7;13;-6;;;;70.3;5.3;975.7;;;;;2.4;;8.6;;139.6;;;;;2796;22;;;535;;
LUG;01.01.1951 00:00;3.8;20.6;-2.8;;;;65.6;5.1;980;;;;;3.1;;11.2;;144.8;;;;;5232;39;;;494.3;;
LUG;01.02.1951 00:00;4;15;-1.8;;;;67.7;5.4;977.2;;;;;2.7;;9.7;;293.4;;;;;5982;39;;;448.5;;
LUG;01.03.1951 00:00;6.2;18.8;-2.8;;;;56.1;5.2;977.4;;;;;2.7;;9.7;;154.6;;;;;8238;41;;;427.9;;
LUG;01.04.1951 00:00;11.6;23.8;2;;;;49.3;6.6;983.6;;;;;2.4;;8.6;;140.2;;;;;11280;53;;;182.1;;
LUG;01.05.1951 00:00;14.3;26.6;4.6;;;;64;10.3;979.3;;;;;2.4;;8.6;;167.9;;;;;6852;29;;;72.1;;
LUG;01.06.1951 00:00;19;29.6;10;;;;59.4;12.7;983;;;;;2.4;;8.6;;252.2;;;;;13512;57;;;0;;
LUG;01.07.1951 00:00;21.6;31;12.2;;;;53;13.4;984.6;;;;;2.7;;9.7;;82.7;;;;;16548;70;;;0;;
LUG;01.08.1951 00:00;20.2;30.6;10.2;;;;62.2;14.5;982.9;;;;;2.4;;8.6;;265.8;;;;;12684;56;;;0;;
LUG;01.09.1951 00:00;18.9;28.8;10;;;;63.5;13.7;984.6;;;;;2.4;;8.6;;128;;;;;12000;59;;;0;;
LUG;01.10.1951 00:00;11.2;23.8;2.8;;;;70.8;9.5;987.1;;;;;2.4;;8.6;;206.3;;;;;5376;30;;;216.7;;
LUG;01.11.1951 00:00;8.1;18.2;-0.2;;;;67.8;7.5;979.8;;;;;3.1;;11.2;;518.3;;;;;5082;37;;;348.8;;
LUG;01.12.1951 00:00;3.7;12.6;-3.4;;;;60.5;4.8;988.3;;;;;2.4;;8.6;;33.7;;;;;7938;64;;;505.1;;
LUG;01.01.1952 00:00;1.7;11.8;-6.4;;;;51.6;3.5;981.1;;;;;2.7;;9.7;;32.6;;;;;7788;58;;;566;;
LUG;01.02.1952 00:00;3.8;17.6;-5.2;;;;53;4.2;980.9;;;;;2.7;;9.7;;8.2;;;;;11334;73;;;470.4;;
LUG;01.03.1952 00:00;8;26.8;-2.4;;;;68;7.1;980.1;;;;;2.7;;9.7;;55.3;;;;;10260;51;;;337.6;;
LUG;01.04.1952 00:00;12.7;25.6;0;;;;75;11.1;984.3;;;;;2.4;;8.6;;296.4;;;;;8364;39;;;112.9;;
LUG;01.05.1952 00:00;16.3;27.8;8;;;;69.1;12.6;983.4;;;;;2.7;;9.7;;277.9;;;;;12324;52;;;25.9;;
LUG;01.06.1952 00:00;20.9;32.2;13.2;;;;71.5;17.6;985;;;;;2.4;;8.6;;113.9;;;;;15276;65;;;0;;
LUG;01.07.1952 00:00;23.8;35;12.8;;;;68.5;20.4;984.3;;;;;2.4;;8.6;;93.5;;;;;16866;71;;;0;;
LUG;01.08.1952 00:00;20.9;32.2;10.4;;;;74.2;18.4;982.4;;;;;2.4;;8.6;;216.6;;;;;14154;62;;;0;;
LUG;01.09.1952 00:00;15;28.2;5.4;;;;74.2;12.8;981.5;;;;;2.7;;9.7;;140.9;;;;;10872;54;;;46.2;;
LUG;01.10.1952 00:00;11.1;20.8;2.2;;;;77.8;10.3;982.7;;;;;2.7;;9.7;;139.4;;;;;9030;50;;;220.1;;
LUG;01.11.1952 00:00;6;18.6;-3.4;;;;67.6;6.3;980;;;;;2.7;;9.7;;83.4;;;;;7350;52;;;403.3;;
LUG;01.12.1952 00:00;2.9;13.8;-4.2;;;;74.8;5.6;980.2;;;;;2.7;;9.7;;41.4;;;;;5010;40;;;530.7;;
LUG;01.01.1953 00:00;1.5;12.8;-6.4;;;;70.2;4.8;982.7;;;;;2.7;;9.7;;6.6;;;;;8844;66;;;572.4;;
LUG;01.02.1953 00:00;3.5;18.4;-6.2;;;;63.1;5;982;;;;;2.7;;9.7;;9.8;;;;;10590;71;;;461.1;;
LUG;01.03.1953 00:00;8.7;21.4;-2.4;;;;56.7;6.4;993.5;;;;;2.7;;9.7;;0;;;;;15816;79;;;336.2;;
LUG;01.04.1953 00:00;12.7;24;4.2;;;;69.3;10;981.1;;;;;2.7;;9.7;;124.4;;;;;8826;41;;;103.2;;
LUG;01.05.1953 00:00;18.1;32.6;4.2;;;;58.1;12.3;981.7;;;;;2.7;;9.7;;25.8;;;;;16914;72;;;0;;
LUG;01.06.1953 00:00;17;30.2;5.4;;;;74.2;14.6;979.6;;;;;2.4;;8.6;;369.1;;;;;7830;33;;;0;;
LUG;01.07.1953 00:00;21.3;31.4;13.2;;;;71.4;18;983.4;;;;;2.4;;8.6;;150.5;;;;;14454;61;;;0;;
LUG;01.08.1953 00:00;21.1;34.2;11.6;;;;69.7;17.6;985.6;;;;;2.4;;8.6;;112.4;;;;;16308;72;;;0;;
LUG;01.09.1953 00:00;18.1;30.2;8.6;;;;77.5;16.2;985.3;;;;;2.4;;8.6;;218.8;;;;;8436;41;;;0;;
LUG;01.10.1953 00:00;13.4;24.8;2.6;;;;83.6;13.1;986.6;;;;;2.4;;8.6;;411.6;;;;;6042;33;;;82.1;;
LUG;01.11.1953 00:00;6.8;17.8;-1.4;;;;75.9;7.6;992.8;;;;;2.4;;8.6;;13.4;;;;;8694;62;;;397.3;;
LUG;01.12.1953 00:00;6.2;14;-2.2;;;;78.4;7.6;990.7;;;;;2.4;;8.6;;23.4;;;;;4140;33;;;429.2;;
LUG;01.01.1954 00:00;1.5;14.4;-7.6;;;;68.9;4.7;981.2;;;;;3.1;;11.2;;19.9;;;;;6180;47;;;573.7;;
LUG;01.02.1954 00:00;1.7;14.4;-6.8;;;;76.9;5.4;978.9;;;;;2.4;;8.6;;60.7;;;;;4176;27;;;511.9;;
LUG;01.03.1954 00:00;7.7;21;-1.4;;;;73.3;7.7;979.3;;;;;2.4;;8.6;;118.1;;;;;7818;39;;;374.3;;
LUG;01.04.1954 00:00;11.1;26.4;0.8;;;;64.9;8.5;982.3;;;;;3.1;;11.2;;164.2;;;;;9348;44;;;219.1;;
LUG;01.05.1954 00:00;14.9;28.8;5.6;;;;68;11.4;980.1;;;;;2.7;;9.7;;324.3;;;;;11184;48;;;84.4;;
LUG;01.06.1954 00:00;19.4;32.2;8;;;;70.8;16.1;982.2;;;;;2.4;;8.6;;250;;;;;11334;48;;;0;;
LUG;01.07.1954 00:00;20.3;32.2;9.8;;;;62;14.9;980.9;;;;;2.7;;9.7;;123.3;;;;;14244;60;;;0;;
LUG;01.08.1954 00:00;19.4;32.4;8.6;;;;69.2;15.5;981.6;;;;;2.4;;8.6;;165.4;;;;;13008;58;;;0;;
LUG;01.09.1954 00:00;17.9;30.2;6.8;;;;69.8;14.7;985.4;;;;;2.7;;9.7;;171.8;;;;;12642;62;;;16.1;;
LUG;01.10.1954 00:00;12.3;24.6;3.4;;;;75.4;10.8;986.6;;;;;2.7;;9.7;;54.2;;;;;11886;66;;;135.2;;
LUG;01.11.1954 00:00;7.4;22.8;-2.4;;;;76.3;8;984.6;;;;;2.7;;9.7;;148.2;;;;;8148;57;;;378.3;;
LUG;01.12.1954 00:00;4.8;18.4;-2.4;;;;75.2;6.6;982.7;;;;;2.7;;9.7;;193.2;;;;;7691;62;;;470.6;;
LUG;01.01.1955 00:00;3.7;14.8;-2.8;;;;80.5;6.5;980.7;;;;;2.4;;8.6;;62.9;;;;;5574;41;;;505.2;;
LUG;01.02.1955 00:00;3.8;16.2;-4.6;;;;71.4;5.8;972.8;;;;;2.7;;9.7;;114.8;;;;;5622;38;;;452.7;;
LUG;01.03.1955 00:00;6.2;19.8;-4;;;;72.5;7;980.6;;;;;2.7;;9.7;;63.4;;;;;8298;42;;;428;;
LUG;01.04.1955 00:00;13.1;28.4;1.4;;;;55.9;8.4;985.1;;;;;3.1;;11.2;;0;;;;;17274;80;;;82.2;;
LUG;01.05.1955 00:00;15.8;29.6;6.4;;;;63.2;11.4;984.2;;;;;2.7;;9.7;;104.1;;;;;13668;58;;;9;;
LUG;01.06.1955 00:00;19.4;31.2;8.2;;;;70.1;15.8;983.6;;;;;2.7;;9.7;;221.9;;;;;12684;54;;;0;;
LUG;01.07.1955 00:00;21.3;33.2;12.6;;;;67.1;17;981.7;;;;;2.7;;9.7;;282.7;;;;;14772;62;;;0;;
LUG;01.08.1955 00:00;20.1;30.6;11;;;;69.4;16.3;984.2;;;;;2.4;;8.6;;91.8;;;;;15264;67;;;0;;
LUG;01.09.1955 00:00;17.7;29.6;6.6;;;;73.1;15;984.3;;;;;2.7;;9.7;;108.7;;;;;12492;62;;;0;;
LUG;01.10.1955 00:00;12.3;25.4;2.4;;;;74.5;10.6;982.8;;;;;2.4;;8.6;;146.1;;;;;9738;54;;;113.9;;
LUG;01.11.1955 00:00;6.6;17.2;-3.8;;;;75.3;7.7;986.5;;;;;2.4;;8.6;;69;;;;;6612;49;;;403.1;;
LUG;01.12.1955 00:00;4.3;14.8;-2;;;;80.2;6.7;982.2;;;;;2.4;;8.6;;33;;;;;5640;46;;;485.2;;
LUG;01.01.1956 00:00;2.8;12.4;-4.4;;;;78.8;5.9;983.5;;;;;2;;7.2;;61.4;;;;;6108;45;;;531.7;;
LUG;01.02.1956 00:00;-1.3;19.8;-10.8;;;;70.6;4.1;978.7;;;;;2.7;;9.7;;10;;;;;7901;51;;;617.4;;
LUG;01.03.1956 00:00;6.4;25.4;-5.2;;;;70;6.8;983.7;;;;;2.7;;9.7;;244.3;;;;;9936;51;;;418.6;;
LUG;01.04.1956 00:00;9.5;22.2;-0.4;;;;71.2;8.5;978.3;;;;;2.7;;9.7;;315.1;;;;;9186;43;;;304.7;;
LUG;01.05.1956 00:00;16.9;28.4;6.2;;;;62.3;11.9;986.4;;;;;2.7;;9.7;;75.6;;;;;15318;66;;;0;;
LUG;01.06.1956 00:00;18.5;29.4;8.8;;;;61.2;13.1;983.5;;;;;2.7;;9.7;;111;;;;;13860;59;;;8.1;;
LUG;01.07.1956 00:00;21;32.2;10.4;;;;68.2;16.9;982.9;;;;;2.4;;8.6;;318.6;;;;;14748;62;;;0;;
LUG;01.08.1956 00:00;20.5;31.6;9.6;;;;67.2;16.4;981.1;;;;;2.4;;8.6;;217.8;;;;;13074;58;;;0;;
LUG;01.09.1956 00:00;17.7;32.2;9.6;;;;73.8;14.9;986.6;;;;;2.4;;8.6;;96.2;;;;;11070;55;;;0;;
LUG;01.10.1956 00:00;11.4;26;0.2;;;;71.5;9.9;987.4;;;;;2.4;;8.6;;128.9;;;;;12420;69;;;174.9;;
LUG;01.11.1956 00:00;6.7;18.4;-0.8;;;;70.4;6.9;983.9;;;;;2.4;;8.6;;39.1;;;;;5466;39;;;390.9;;
LUG;01.12.1956 00:00;3.5;21.4;-6.4;;;;68.4;5.5;989.8;;;;;2;;7.2;;16.7;;;;;7440;59;;;505.7;;
LUG;01.01.1957 00:00;1.9;17.2;-6.6;;;;73.9;5.1;989;;;;;2.4;;8.6;;74.3;;;;;8460;62;;;561.1;;
LUG;01.02.1957 00:00;5.3;17.4;-2.8;;;;76.4;6.6;982.4;;;;;2;;7.2;;119.6;;;;;6852;46;;;412.9;;
LUG;01.03.1957 00:00;9.2;20.2;-2.4;;;;78.2;9.1;985.7;;;;;1.7;;6.1;;65.5;;;;;8904;45;;;327.2;;
LUG;01.04.1957 00:00;12;22.7;1.2;;;;70.2;9.9;982.8;;;;;3.1;;11.2;;115.6;;;;;10206;47;;;152.5;;
LUG;01.05.1957 00:00;13.7;27.2;1.2;;;;75.2;11.9;980.7;;;;;2.7;;9.7;;166.2;;;;;8856;38;;;67.7;;
LUG;01.06.1957 00:00;18.4;32.2;10.4;;;;77.8;16.5;984.7;;;;;2.4;;8.6;;424.8;;;;;10116;43;;;0;;
LUG;01.07.1957 00:00;21.6;37;10.8;;;;68.6;17.8;982.2;;;;;3.1;;11.2;;190.4;;;;;16674;70;;;0;;
LUG;01.08.1957 00:00;20;31.2;11.6;;;;76.1;17.8;983;;;;;2.4;;8.6;;219;;;;;12786;56;;;0;;
LUG;01.09.1957 00:00;17.3;28.8;7.2;;;;75.8;15;983.3;;;;;2.7;;9.7;;32.8;;;;;12708;62;;;0;;
LUG;01.10.1957 00:00;12.9;24.1;3.7;;;;81.2;12.1;986.9;;;;;2;;7.2;;96.2;;;;;10248;58;;;122.8;;
LUG;01.11.1957 00:00;8.2;21.8;-0.4;;;;83.8;9.2;985.2;;;;;2;;7.2;;247.9;;;;;5760;43;;;345.4;;
LUG;01.12.1957 00:00;2.7;13.2;-3.6;;;;80.7;6;983.6;;;;;2.4;;8.6;;211.8;;;;;8046;64;;;535.5;;
LUG;01.01.1958 00:00;2.5;13.8;-5.2;;;;68.9;5;983.1;;;;;2;;7.2;;11.2;;;;;8838;65;;;542.8;;
LUG;01.02.1958 00:00;5.5;18.2;-3.2;;;;72;6.6;981.8;;;;;1.7;;6.1;;81.9;;;;;7404;50;;;405.9;;
LUG;01.03.1958 00:00;5.9;23.4;-3.2;;;;61.5;5.7;976.7;;;;;2.7;;9.7;;17.6;;;;;10386;52;;;429.8;;
LUG;01.04.1958 00:00;9.6;23.4;1.2;;;;68.5;7.9;980.2;;;;;2.4;;8.6;;228.3;;;;;9966;46;;;256.6;;
LUG;01.05.1958 00:00;18.1;29.4;7.2;;;;69;14.1;985.4;;;;;1.7;;6.1;;202;;;;;12240;52;;;8.7;;
LUG;01.06.1958 00:00;19.2;30.8;9.4;;;;67.2;14.7;981.6;;;;;2.4;;8.6;;181.6;;;;;12882;55;;;0;;
LUG;01.07.1958 00:00;22;33.8;11;;;;70.5;18.5;982.9;;;;;2;;7.2;;163.2;;;;;15486;65;;;0;;
LUG;01.08.1958 00:00;21.8;34.2;11.2;;;;71.1;18.4;982.9;;;;;2;;7.2;;210;;;;;14496;64;;;0;;
LUG;01.09.1958 00:00;19.1;29.4;10.4;;;;72.8;16;987;;;;;2;;7.2;;98.2;;;;;11328;56;;;0;;
LUG;01.10.1958 00:00;12.8;27.2;2.2;;;;72.2;10.9;987.5;;;;;2.4;;8.6;;170.8;;;;;10368;59;;;145.9;;
LUG;01.11.1958 00:00;8.5;16.4;2.8;;;;81;9;985.9;;;;;2;;7.2;;89.2;;;;;5232;38;;;346;;
LUG;01.12.1958 00:00;3.3;17.2;-4.4;;;;81.2;6.5;978.2;;;;;2;;7.2;;228.5;;;;;4698;37;;;517.7;;
LUG;01.01.1959 00:00;2.8;13;-5.7;;;;60.4;4.5;982.7;;;;;3.1;;11.2;;29;;;;;9294;68;;;531.9;;
LUG;01.02.1959 00:00;5.4;21.4;-2.4;;;;68.7;5.9;996.7;;;;;2.4;;8.6;;12.9;;;;;11310;74;;;404.1;;
LUG;01.03.1959 00:00;9.5;21.7;2.1;;;;75.9;8.7;984.5;;;;;1.4;;5;;194.6;;;;;5976;30;;;305.2;;
LUG;01.04.1959 00:00;12;24.7;2.3;;;;66.1;9;979.8;;;;;2.4;;8.6;;204.6;;;;;12744;60;;;129.4;;
LUG;01.05.1959 00:00;15.9;27.8;7.6;;;;67.9;12.1;981.6;;;;;2;;7.2;;107.4;;;;;12642;54;;;17.1;;
LUG;01.06.1959 00:00;20.1;31.7;9.6;;;;65.2;15.3;984.3;;;;;2;;7.2;;254.8;;;;;13800;59;;;0;;
LUG;01.07.1959 00:00;22.9;35.1;13.6;;;;62.9;17.4;984;;;;;2;;7.2;;176.3;;;;;16884;71;;;0;;
LUG;01.08.1959 00:00;20.6;31.2;12.3;;;;67.3;16.1;984.6;;;;;2.4;;8.6;;172.7;;;;;14124;62;;;0;;
LUG;01.09.1959 00:00;17.6;27.4;10.3;;;;74.1;14.8;987.7;;;;;2.4;;8.6;;52.8;;;;;9396;46;;;0;;
LUG;01.10.1959 00:00;12;24;4.4;;;;72.6;10.1;987.4;;;;;2.7;;9.7;;271.6;;;;;8838;48;;;146.2;;
LUG;01.11.1959 00:00;6.6;16.7;-0.4;;;;82.1;8;984.2;;;;;2;;7.2;;266.5;;;;;5562;39;;;401.2;;
LUG;01.12.1959 00:00;3.8;13.7;-3;;;;78.9;6.3;978.5;;;;;2.7;;9.7;;234.5;;;;;4848;39;;;502.7;;
LUG;01.01.1960 00:00;2.2;13.1;-8.2;;;;75.7;5.5;983.6;;;;;2.7;;9.7;;127.3;;;;;6588;50;;;551.4;;
LUG;01.02.1960 00:00;2.7;18.1;-5.3;;;;79.8;5.9;982.2;;;;;2.4;;8.6;;109;;;;;5322;34;;;501.5;;
LUG;01.03.1960 00:00;7.8;21;0.2;;;;73.4;7.6;981.3;;;;;2.4;;8.6;;119;;;;;5568;28;;;364.4;;
LUG;01.04.1960 00:00;12.2;27.7;2;;;;65.6;9.1;982.9;;;;;2.7;;9.7;;60.3;;;;;11610;54;;;122;;
LUG;01.05.1960 00:00;16.5;31.4;3.1;;;;70.5;13.3;984.9;;;;;2;;7.2;;290.7;;;;;14112;60;;;18.4;;
LUG;01.06.1960 00:00;19.5;31.4;11;;;;70.6;15.9;985.7;;;;;2.4;;8.6;;212.5;;;;;12144;52;;;0;;
LUG;01.07.1960 00:00;19.4;32.1;10.7;;;;69;15.5;982.6;;;;;2.4;;8.6;;267.5;;;;;12780;54;;;0;;
LUG;01.08.1960 00:00;19.3;31;11.4;;;;72.4;16.2;982.3;;;;;2.4;;8.6;;356;;;;;13872;62;;;0;;
LUG;01.09.1960 00:00;15.4;28;7;;;;77.3;13.5;983.8;;;;;2.4;;8.6;;439.7;;;;;9006;44;;;17;;
LUG;01.10.1960 00:00;11;22.8;4.1;;;;79;10.5;979;;;;;2.4;;8.6;;461.9;;;;;6360;35;;;223.9;;
LUG;01.11.1960 00:00;7.2;18.8;1.4;;;;75.6;7.7;982.2;;;;;2.4;;8.6;;191.2;;;;;5376;39;;;377;;
LUG;01.12.1960 00:00;3.7;10.6;-3.4;;;;75.7;6.2;978.1;;;;;2;;7.2;;150.5;;;;;4296;34;;;506.6;;
LUG;01.01.1961 00:00;0.7;7.2;-6.2;;;;77.3;5;985.4;;;;;2;;7.2;;102;;;;;5766;43;;;597.3;;
LUG;01.02.1961 00:00;5.9;16.3;-0.9;;;;65.5;5.9;991.2;;;;;2.7;;9.7;;58.9;;;;;10674;72;;;385.7;;
LUG;01.03.1961 00:00;10.3;22.7;0.7;;;;54.5;6.7;990.2;;;;;3.1;;11.2;;2.4;;;;;16824;84;;;254.8;;
LUG;01.04.1961 00:00;13.4;24.4;5.6;;;;72.4;10.9;979.6;;;;;2.4;;8.6;;244.2;;;;;8508;40;;;82;;
LUG;01.05.1961 00:00;15;27.6;5.4;;;;61;10.2;980.7;;;;;3.1;;11.2;;192;;;;;12486;54;;;34.9;;
LUG;01.06.1961 00:00;19.3;29.9;9.4;;;;70.3;15.7;983.6;;;;;2.4;;8.6;;211.3;;;;;13182;56;;;8.1;;
LUG;01.07.1961 00:00;20.3;30;12;;;;63;14.9;983.3;;;;;2.7;;9.7;;95.2;;;;;15552;65;;;0;;
LUG;01.08.1961 00:00;21.5;31.7;12.4;;;;60.3;15.5;985.8;;;;;2.7;;9.7;;22.3;;;;;17934;79;;;0;;
LUG;01.09.1961 00:00;20.6;29.9;11.4;;;;66.1;15.7;987.2;;;;;2.4;;8.6;;23;;;;;13074;65;;;0;;
LUG;01.10.1961 00:00;13.3;23.8;2.8;;;;72.7;11.3;984.3;;;;;2.7;;9.7;;123.4;;;;;7662;43;;;116.4;;
LUG;01.11.1961 00:00;7;16;-1.3;;;;73.3;7.3;981.4;;;;;2.4;;8.6;;239.6;;;;;5526;39;;;388.9;;
LUG;01.12.1961 00:00;3.5;17;-5;;;;69.6;5.6;982.4;;;;;2.4;;8.6;;52.1;;;;;5736;46;;;510.7;;
LUG;01.01.1962 00:00;3.8;20;-3.6;;;;66.4;5.4;986.3;;;;;2.7;;9.7;;62.8;;;;;7074;51;;;503.6;;
LUG;01.02.1962 00:00;4.3;16.8;-5.2;;;;59.3;4.8;984.9;;;;;3.5;;12.6;;56.7;;;;;8754;59;;;440.1;;
LUG;01.03.1962 00:00;4.9;16.4;-3.2;;;;58.7;5.1;976.3;;;;;3.1;;11.2;;59.1;;;;;9240;46;;;468.5;;
LUG;01.04.1962 00:00;11.1;27;0.6;;;;56.6;7.2;981.7;;;;;3.1;;11.2;;192.7;;;;;12696;59;;;219;;
LUG;01.05.1962 00:00;14.4;25.6;3.4;;;;62.9;10.2;981.8;;;;;2.7;;9.7;;146.1;;;;;12024;52;;;44.6;;
LUG;01.06.1962 00:00;18.8;32.2;7.3;;;;62.1;13.7;985.5;;;;;2.7;;9.7;;90.7;;;;;16530;70;;;0;;
LUG;01.07.1962 00:00;21.2;31.3;9.1;;;;59.4;14.9;982.7;;;;;2.7;;9.7;;30.2;;;;;16140;68;;;0;;
LUG;01.08.1962 00:00;22.6;31.6;13.7;;;;66.2;17.9;984.2;;;;;2.4;;8.6;;114.8;;;;;15948;71;;;0;;
LUG;01.09.1962 00:00;17.9;32.9;6.8;;;;64.9;13.4;984.4;;;;;2.7;;9.7;;58.9;;;;;12636;62;;;8.4;;
LUG;01.10.1962 00:00;13.3;25.3;3.8;;;;72.7;11.1;987;;;;;2.4;;8.6;;39.3;;;;;9972;55;;;104.5;;
LUG;01.11.1962 00:00;6.3;15.7;-2.8;;;;70.6;7;980.4;;;;;2.7;;9.7;;195.3;;;;;5016;37;;;412.5;;
LUG;01.12.1962 00:00;1.8;12.2;-7;;;;60.5;4.2;981.5;;;;;2.7;;9.7;;48.4;;;;;7260;58;;;564.8;;
LUG;01.01.1963 00:00;-0.1;8.6;-8.6;;;;67.1;4.3;982;;;;;2.7;;9.7;;64.2;;;;;6174;45;;;623.3;;
LUG;01.02.1963 00:00;1.3;10.8;-8.3;;;;65.3;4.4;975.8;;;;;2.4;;8.6;;22.4;;;;;6330;42;;;524.9;;
LUG;01.03.1963 00:00;6.4;17.1;-5.1;;;;63.6;6;982.8;;;;;2.4;;8.6;;92.2;;;;;9186;46;;;423;;
LUG;01.04.1963 00:00;11.4;22.6;2;;;;68.8;9;980;;;;;2.4;;8.6;;205.9;;;;;8226;38;;;180.8;;
LUG;01.05.1963 00:00;15.2;25.4;4.4;;;;64.3;11;981.3;;;;;2.7;;9.7;;152;;;;;10242;44;;;35.6;;
LUG;01.06.1963 00:00;17.9;31.7;9.3;;;;75.7;15.5;981.8;;;;;2.4;;8.6;;443.9;;;;;9594;41;;;0;;
LUG;01.07.1963 00:00;22.1;31.2;13.2;;;;67;17.5;984.4;;;;;2.4;;8.6;;178.2;;;;;16020;67;;;0;;
LUG;01.08.1963 00:00;19.7;30.2;9.3;;;;68.9;15.9;980.6;;;;;2;;7.2;;297.4;;;;;13098;58;;;0;;
LUG;01.09.1963 00:00;17.2;26.8;10;;;;74.7;14.6;985;;;;;2.4;;8.6;;361.8;;;;;9360;47;;;0;;
LUG;01.10.1963 00:00;12.4;23.4;3;;;;71.3;10.2;987.4;;;;;2.4;;8.6;;124.2;;;;;10332;58;;;109.3;;
LUG;01.11.1963 00:00;8.7;15.4;1.4;;;;75.5;8.6;981.1;;;;;2.7;;9.7;;366.3;;;;;4122;30;;;338.7;;
LUG;01.12.1963 00:00;2.5;11.1;-5;;;;71.8;5.4;984.3;;;;;2.4;;8.6;;45.1;;;;;5484;44;;;541.6;;
LUG;01.01.1964 00:00;1.2;10.9;-4.8;;;;67.4;4.5;995.4;;;;;2.4;;8.6;;26.6;;;;;9612;72;;;582.4;;
LUG;01.02.1964 00:00;5;18.8;-3.7;;;;63.3;5.4;983.5;;;;;3.1;;11.2;;64.3;;;;;7734;51;;;436.4;;
LUG;01.03.1964 00:00;6.4;18;-0.3;;;;75.7;7.2;978.4;;;;;2.4;;8.6;;155.7;;;;;4536;23;;;421.1;;
LUG;01.04.1964 00:00;11.8;23;4.3;;;;65.1;8.6;982.2;;;;;2.7;;9.7;;165.5;;;;;8964;41;;;185.2;;
LUG;01.05.1964 00:00;16.9;26.7;8.7;;;;65.1;12.2;984.7;;;;;2.7;;9.7;;121.8;;;;;13284;57;;;0;;
LUG;01.06.1964 00:00;20.1;30.2;11.6;;;;65;15;983;;;;;2.7;;9.7;;210.7;;;;;13488;57;;;0;;
LUG;01.07.1964 00:00;22.1;34;13.1;;;;60.4;16.1;984.8;;;;;2.7;;9.7;;149.3;;;;;17100;72;;;0;;
LUG;01.08.1964 00:00;20.2;31.4;11.4;;;;62.4;14.7;982.5;;;;;2.7;;9.7;;154.3;;;;;15312;68;;;0;;
LUG;01.09.1964 00:00;17.6;27.7;7.4;;;;63.4;12.8;987.8;;;;;2.4;;8.6;;85;;;;;13020;64;;;0;;
LUG;01.10.1964 00:00;12;24.2;3.8;;;;67.9;9.6;982.2;;;;;2.7;;9.7;;121.4;;;;;6924;39;;;184;;
LUG;01.11.1964 00:00;8.3;25.4;1;;;;71.6;7.6;985.6;;;;;2.7;;9.7;;73.5;;;;;5586;40;;;346.4;;
LUG;01.12.1964 00:00;3.8;8.8;-3.8;;;;67.5;5.5;982.2;;;;;2.7;;9.7;;64.7;;;;;5844;47;;;503.7;;
LUG;01.01.1965 00:00;3.2;13.4;-2;;;;63.4;4.9;980.6;;;;;2.7;;9.7;;74;;;;;5160;39;;;519.3;;
LUG;01.02.1965 00:00;2.3;14.4;-4.6;;;;49.8;3.5;983.5;;;;;3.9;;14;;2.1;;;;;12138;82;;;494.9;;
LUG;01.03.1965 00:00;6.8;22.6;-4.2;;;;62.6;6.1;983.9;;;;;2.7;;9.7;;102.1;;;;;9324;46;;;397.5;;
LUG;01.04.1965 00:00;11.6;21;2.4;;;;49.2;6.4;977;;;;;3.5;;12.6;;21.4;;;;;10986;51;;;194;;
LUG;01.05.1965 00:00;15.1;26.8;7;;;;59.7;9.9;981.1;;;;;3.1;;11.2;;151.3;;;;;10920;47;;;35;;
LUG;01.06.1965 00:00;19.4;35;9.1;;;;63.5;14.2;982.8;;;;;2.4;;8.6;;89.2;;;;;12030;51;;;16.4;;
LUG;01.07.1965 00:00;20.9;30.2;10.4;;;;60.4;14.9;981.4;;;;;2.7;;9.7;;154.1;;;;;14628;61;;;0;;
LUG;01.08.1965 00:00;20;30.6;11.2;;;;62.4;14.6;983;;;;;2.7;;9.7;;126.1;;;;;14184;63;;;0;;
LUG;01.09.1965 00:00;14.7;24.4;5.8;;;;77;12.7;982.9;;;;;2.7;;9.7;;406.7;;;;;9090;45;;;44.5;;
LUG;01.10.1965 00:00;12.2;22.4;2.8;;;;74.2;10.7;989.6;;;;;2.4;;8.6;;37.5;;;;;10158;57;;;144.2;;
LUG;01.11.1965 00:00;6.6;17.4;-1.7;;;;74;7.6;978.6;;;;;2.7;;9.7;;95;;;;;4098;30;;;388.1;;
LUG;01.12.1965 00:00;3.5;14.8;-1.9;;;;68.8;5.4;979;;;;;3.1;;11.2;;24.7;;;;;7170;57;;;513;;
LUG;01.01.1966 00:00;0.8;11.2;-7.6;;;;63.3;4.2;981.1;;;;;2.7;;9.7;;10.3;;;;;8058;60;;;595.2;;
LUG;01.02.1966 00:00;6.1;18.3;-0.1;;;;78.2;7.2;979.3;;;;;2.7;;9.7;;159.6;;;;;4278;29;;;388.7;;
LUG;01.03.1966 00:00;8.2;19.4;-0.7;;;;47.3;5;984.2;;;;;3.9;;14;;2.2;;;;;16008;80;;;366.8;;
LUG;01.04.1966 00:00;12.1;27.8;3.7;;;;68.4;9.3;979.2;;;;;2.7;;9.7;;253;;;;;9306;43;;;157.7;;
LUG;01.05.1966 00:00;16.3;24.7;7.3;;;;61.2;11.2;984;;;;;2.7;;9.7;;201.2;;;;;13494;58;;;16.6;;
LUG;01.06.1966 00:00;20;30.8;10.4;;;;61;14.1;983.2;;;;;3.1;;11.2;;143.2;;;;;15750;67;;;0;;
LUG;01.07.1966 00:00;19.9;29.8;9.8;;;;64.6;14.6;980.8;;;;;2.7;;9.7;;236.9;;;;;13506;56;;;0;;
LUG;01.08.1966 00:00;19.1;31;10.3;;;;70.4;15.6;981.9;;;;;2.4;;8.6;;184.5;;;;;12714;56;;;0;;
LUG;01.09.1966 00:00;18.7;28.8;11.7;;;;74.1;15.9;985.3;;;;;2.4;;8.6;;138.9;;;;;10080;49;;;0;;
LUG;01.10.1966 00:00;14;24;6;;;;83.3;13.5;979.9;;;;;2;;7.2;;395.3;;;;;4992;28;;;66.5;;
LUG;01.11.1966 00:00;5.2;15.5;-1.9;;;;69.9;6.2;982.1;;;;;2.7;;9.7;;225.8;;;;;6330;47;;;443.4;;
LUG;01.12.1966 00:00;2.8;14;-2.2;;;;65;4.8;979.9;;;;;2.7;;9.7;;47.8;;;;;7224;58;;;533.2;;
LUG;01.01.1967 00:00;2.6;16.2;-7.1;;;;65.2;4.9;986.7;;;;;2.7;;9.7;;13.6;;;;;7122;54;;;538.3;;
LUG;01.02.1967 00:00;3.9;18.9;-5;;;;66.1;5.2;988;;;;;2.4;;8.6;;57.4;;;;;7266;49;;;442.8;;
LUG;01.03.1967 00:00;9.3;21.9;2;;;;57.1;6.4;985.4;;;;;3.1;;11.2;;151.2;;;;;11544;58;;;308.3;;
LUG;01.04.1967 00:00;10.9;25.4;1.3;;;;55.2;7;980;;;;;3.1;;11.2;;70.4;;;;;12726;59;;;201.4;;
LUG;01.05.1967 00:00;15.4;27.6;4.8;;;;62.8;10.8;981.2;;;;;2.7;;9.7;;211.5;;;;;10992;47;;;40.3;;
LUG;01.06.1967 00:00;19.2;30.6;8.3;;;;58.5;12.9;985.3;;;;;2.7;;9.7;;43;;;;;15150;64;;;0;;
LUG;01.07.1967 00:00;23.2;31.5;14.2;;;;63.8;17.8;985.2;;;;;2.4;;8.6;;194.5;;;;;15972;67;;;0;;
LUG;01.08.1967 00:00;20.8;31.1;11.6;;;;71.5;17.5;983.7;;;;;2.7;;9.7;;108.8;;;;;12864;57;;;0;;
LUG;01.09.1967 00:00;16.6;26.3;8.8;;;;76.8;14.6;983;;;;;2.4;;8.6;;230.4;;;;;9324;46;;;0;;
LUG;01.10.1967 00:00;13.4;25.6;3;;;;77.2;12;986.2;;;;;2.4;;8.6;;139.9;;;;;10662;60;;;109;;
LUG;01.11.1967 00:00;7.9;17.1;1.5;;;;81.1;8.7;985.5;;;;;2.4;;8.6;;182.7;;;;;5088;37;;;347.9;;
LUG;01.12.1967 00:00;3.3;19;-4.1;;;;64.5;5;981.6;;;;;2.7;;9.7;;6.7;;;;;8364;67;;;513.9;;
LUG;01.01.1968 00:00;2.5;16.7;-6;;;;59.9;4.4;982.4;;;;;3.5;;12.6;;1.1;;;;;8946;67;;;541.9;;
LUG;01.02.1968 00:00;4.1;12.9;-1.3;;;;81.1;6.6;981.1;;;;;2;;7.2;;204.6;;;;;5322;34;;;461.9;;
LUG;01.03.1968 00:00;8.2;22.4;-1.1;;;;63.2;6.9;984.1;;;;;2.7;;9.7;;48.5;;;;;13356;66;;;329.2;;
LUG;01.04.1968 00:00;12.4;25.3;2.9;;;;69.2;9.9;983.5;;;;;2.7;;9.7;;141.7;;;;;9462;44;;;166.4;;
LUG;01.05.1968 00:00;14.5;26.7;4;;;;72.6;11.9;982.2;;;;;2.7;;9.7;;220.2;;;;;9306;40;;;61.1;;
LUG;01.06.1968 00:00;18.3;31;10.4;;;;70.3;14.8;983.8;;;;;2.7;;9.7;;101.1;;;;;12660;54;;;0;;
LUG;01.07.1968 00:00;21;31.2;11.2;;;;65.9;16.6;984.5;;;;;2.7;;9.7;;204.8;;;;;14436;61;;;0;;
LUG;01.08.1968 00:00;18.6;27.9;10.2;;;;73.8;15.7;981.1;;;;;2;;7.2;;165.9;;;;;10134;45;;;0;;
LUG;01.09.1968 00:00;16.4;26;8.9;;;;73.4;13.6;982.9;;;;;2.7;;9.7;;252.6;;;;;10950;54;;;0;;
LUG;01.10.1968 00:00;13.5;24;4.9;;;;77.1;12.1;988;;;;;2.4;;8.6;;80.3;;;;;10122;56;;;89.9;;
LUG;01.11.1968 00:00;7.6;19.2;-0.2;;;;78.1;8.4;981.4;;;;;2.7;;9.7;;345.8;;;;;5508;41;;;359.1;;
LUG;01.12.1968 00:00;2.7;13;-6.4;;;;69.6;5.3;980;;;;;2.4;;8.6;;33.5;;;;;5520;44;;;536.5;;
LUG;01.01.1969 00:00;1.8;13.2;-5.1;;;;73.5;5.1;983.6;;;;;2.4;;8.6;;88.4;;;;;6582;49;;;565.3;;
LUG;01.02.1969 00:00;1.9;11.2;-6;;;;67.4;4.8;976.5;;;;;3.1;;11.2;;103;;;;;4536;31;;;505.5;;
LUG;01.03.1969 00:00;6.6;19.6;-0.3;;;;71.7;6.9;979;;;;;2.4;;8.6;;62.9;;;;;7008;34;;;416.3;;
LUG;01.04.1969 00:00;10.7;24.3;2.2;;;;60.8;7.7;982.7;;;;;2.7;;9.7;;57.4;;;;;10218;48;;;217.9;;
LUG;01.05.1969 00:00;16.3;27.8;7.2;;;;68.8;12.6;981.6;;;;;2.4;;8.6;;228.8;;;;;10338;44;;;8.5;;
LUG;01.06.1969 00:00;17.8;26.5;7.4;;;;64.6;13.1;979.9;;;;;2.7;;9.7;;171.1;;;;;12156;52;;;19.3;;
LUG;01.07.1969 00:00;21.8;31.4;11.8;;;;64.3;17;986.7;;;;;3.1;;11.2;;83.5;;;;;16056;68;;;0;;
LUG;01.08.1969 00:00;20.5;31.1;10.2;;;;62.7;15.2;982;;;;;3.1;;11.2;;105;;;;;13230;58;;;0;;
LUG;01.09.1969 00:00;17.3;26.4;10.4;;;;76;14.9;985;;;;;2.4;;8.6;;213.5;;;;;11568;57;;;0;;
LUG;01.10.1969 00:00;13.6;22.1;5.9;;;;71.1;11.1;989.2;;;;;2.4;;8.6;;0;;;;;12444;70;;;42.7;;
LUG;01.11.1969 00:00;7.5;16.4;-1.9;;;;72.2;7.7;980.9;;;;;2.7;;9.7;;132.7;;;;;5904;42;;;375.4;;
LUG;01.12.1969 00:00;2;12.3;-4.6;;;;60.3;4.2;978.1;;;;;3.1;;11.2;;16.1;;;;;6666;54;;;557.7;;
LUG;01.01.1970 00:00;2.4;12.9;-3.6;;;;74.7;5.4;979.7;;;;;2.4;;8.6;;149.2;;;;;4662;35;;;546;;
LUG;01.02.1970 00:00;4.1;16.2;-3.2;;;;54.7;4.4;977.5;;;;;3.1;;11.2;;12.5;;;;;8748;58;;;446;;
LUG;01.03.1970 00:00;6;18;-3.2;;;;61.5;5.8;978.2;;;;;3.1;;11.2;;114.2;;;;;8910;44;;;433;;
LUG;01.04.1970 00:00;9.7;23.3;-0.9;;;;60.8;7.5;980.4;;;;;3.5;;12.6;;131.1;;;;;11382;53;;;244.6;;
LUG;01.05.1970 00:00;14.6;27;3.9;;;;69.7;11.2;982.3;;;;;2.7;;9.7;;124.9;;;;;12624;54;;;86;;
LUG;01.06.1970 00:00;19.7;31;9.8;;;;75;17.1;983.9;;;;;2.7;;9.7;;187;;;;;12354;52;;;8.3;;
LUG;01.07.1970 00:00;21.2;31.2;12.1;;;;67.6;17.2;982.4;;;;;2.7;;9.7;;60.8;;;;;17184;72;;;0;;
LUG;01.08.1970 00:00;20.8;31.6;11.4;;;;76;18.6;982;;;;;2.4;;8.6;;226.1;;;;;12054;53;;;0;;
LUG;01.09.1970 00:00;18.8;32.8;8;;;;79.1;17.2;986;;;;;2.4;;8.6;;159.9;;;;;10974;54;;;0;;
LUG;01.10.1970 00:00;12.2;23.1;3;;;;74;10.7;987;;;;;3.1;;11.2;;74.7;;;;;9858;56;;;153.6;;
LUG;01.11.1970 00:00;7.8;17.3;0.7;;;;75.6;8;984.3;;;;;2.7;;9.7;;173.3;;;;;6954;50;;;357.2;;
LUG;01.12.1970 00:00;2;11.8;-6.2;;;;77.2;5.7;986.7;;;;;2.4;;8.6;;93.9;;;;;7308;59;;;556.6;;
LUG;01.01.1971 00:00;1.6;10.2;-8;;;;85.4;6;982.7;;;;;1.3;;4.7;;99.1;;;;;6240;47;;;570.6;;
LUG;01.02.1971 00:00;5.5;16.2;-1.2;;;;63.3;5.5;982.6;;;;;2.5;;9;;53;;;;;11226;75;;;405.6;;
LUG;01.03.1971 00:00;5.5;19.4;-7;;;;66.2;6.1;978.4;;;;;2;;7.2;;151.9;;;;;10560;53;;;450.2;;
LUG;01.04.1971 00:00;12.7;22.4;4.3;;;;75.3;10.8;979.2;;;;;1.7;;6.1;;145.3;;;;;8868;41;;;118;;
LUG;01.05.1971 00:00;15.3;26.5;7.7;;;;82.8;14.2;980.4;;;;;1.3;;4.7;;301.9;;;;;7458;32;;;35.9;;
LUG;01.06.1971 00:00;18;29;7.6;;;;75.6;15.3;979.9;;;;;1.6;;5.4;;218.7;;;;;11658;50;;;8.3;;
LUG;01.07.1971 00:00;22.8;31;12.2;;;;72.8;20.1;984.1;;;;;1.6;;5.8;;188.9;;;;;17226;72;;;0;;
LUG;01.08.1971 00:00;22.7;31.1;13.8;;;;75.9;20.5;983;;;;;1.4;;5;;162.2;;;;;14388;64;;;0;;
LUG;01.09.1971 00:00;17.7;27.5;6.3;;;;75.5;15;987.2;;;;;1.5;;5.4;;32.8;;;;;13320;66;;;0;;
LUG;01.10.1971 00:00;12.9;23.9;2.9;;;;76.8;11.3;992.3;;;;;1.7;;6.1;;28.5;;;;;11976;67;;;110.1;;
LUG;01.11.1971 00:00;7;16.3;-1.7;;;;77.6;8.1;980.3;;;;;1.7;;6.1;;163.7;;;;;5892;42;;;389.2;;
LUG;01.12.1971 00:00;4;17.7;-2.4;;;;83.7;6.8;991.2;;;;;1.7;;6.1;;58.6;;;;;7566;61;;;496;;
LUG;01.01.1972 00:00;3;8.7;-0.8;;;;87.6;6.7;982.6;;;;;1.3;;4.7;;88.7;;;;;2124;16;;;528.1;;
LUG;01.02.1972 00:00;5.8;13.6;0.6;;;;84.4;7.7;981.8;;;;;1.5;;5.4;;222.2;;;;;2034;13;;;411.2;;
LUG;01.03.1972 00:00;8.5;25;0;;;;76.6;8.3;982.5;;;;;1.7;;6.1;;180.3;;;;;8208;40;;;321.5;;
LUG;01.04.1972 00:00;11.4;21.8;3.8;;;;70.3;9.3;976.4;;;;;2.2;;7.9;;149.4;;;;;8268;39;;;177.8;;
LUG;01.05.1972 00:00;14.7;24.2;6.3;;;;72.6;11.9;980.5;;;;;1.9;;6.8;;139;;;;;9966;42;;;73.9;;
LUG;01.06.1972 00:00;17.9;25.7;9.8;;;;77.6;15.8;981.7;;;;;1.6;;5.8;;266;;;;;10710;46;;;0;;
LUG;01.07.1972 00:00;21;29.6;12.6;;;;72;17.7;982.1;;;;;2.1;;7.6;;100.1;;;;;13608;57;;;0;;
LUG;01.08.1972 00:00;20.3;29.8;11;;;;72.2;17.1;983.4;;;;;1.8;;6.5;;63.5;;;;;14418;64;;;0;;
LUG;01.09.1972 00:00;14;23.4;5.9;;;;82.8;13.2;984.8;;;;;1.5;;5.4;;285;;;;;8466;42;;;63.5;;
LUG;01.10.1972 00:00;11.7;20.2;3.1;;;;78.8;10.8;986;;;;;1.7;;6.1;;97.5;;;;;8736;49;;;178.9;;
LUG;01.11.1972 00:00;7.6;16.7;-1.3;;;;71.8;7.7;987;;;;;1.8;;6.5;;32.8;;;;;7902;57;;;372.8;;
LUG;01.12.1972 00:00;3.3;13.5;-2.2;;;;80;6.4;994.3;;;;;1.4;;5;;112.6;;;;;6222;50;;;518.3;;
LUG;01.01.1973 00:00;3;11.1;-2.1;;;;83.5;6.4;988.8;;;;;1.5;;5.4;;70.6;;;;;5802;43;;;525.6;;
LUG;01.02.1973 00:00;4.7;17.6;-1.5;;;;59.1;5;980.1;;;;;2.5;;9;;6.4;;;;;9846;65;;;428.6;;
LUG;01.03.1973 00:00;7.8;17.6;-1.5;;;;61.6;6.5;986.6;;;;;2.1;;7.9;;4.8;;;;;10524;53;;;372.5;;
LUG;01.04.1973 00:00;9.8;20.5;1;;;;54.8;6.7;979.5;;;;;2.5;;9;;99.2;;;;;12372;58;;;283.9;;
LUG;01.05.1973 00:00;15.5;24;6.9;;;;75.3;13.2;985.2;;;;;1.3;;4.7;;131.2;;;;;10566;45;;;16.5;;
LUG;01.06.1973 00:00;19.7;31.4;11.2;;;;76.4;17.3;983.8;;;;;1.6;;5.8;;251.1;;;;;12606;54;;;0;;
LUG;01.07.1973 00:00;21.1;29.5;13;;;;72.9;18.3;980.4;;;;;1.7;;6.1;;222;;;;;14838;62;;;0;;
LUG;01.08.1973 00:00;22.1;29.4;14.1;;;;78.5;20.7;985.8;;;;;1.3;;4.7;;168;;;;;12864;57;;;0;;
LUG;01.09.1973 00:00;18.6;28;9.5;;;;80.1;17.2;984;;;;;1.6;;5.4;;153.8;;;;;11136;54;;;0;;
LUG;01.10.1973 00:00;11.8;21.4;2;;;;78.3;11;985.6;;;;;1.9;;7.2;;108.8;;;;;10866;62;;;162.9;;
LUG;01.11.1973 00:00;7.3;18.8;-2.3;;;;70.9;7.5;987.9;;;;;2;;7.6;;21.1;;;;;8844;64;;;372.7;;
LUG;01.12.1973 00:00;2.6;15.8;-6.6;;;;75;5.7;984.4;;;;;1.8;;6.5;;171;;;;;7644;61;;;540.8;;
LUG;01.01.1974 00:00;4.6;19.2;-0.2;;;;84.5;7.1;989.4;;;;;1.4;;5;;80.9;;;;;5262;39;;;462.4;;
LUG;01.02.1974 00:00;5.3;13.3;0.1;;;;83.1;7.4;979.6;;;;;1.4;;5;;205;;;;;4764;32;;;411.1;;
LUG;01.03.1974 00:00;7.9;18.2;-0.7;;;;79.7;8.5;983.2;;;;;1.8;;6.5;;131.8;;;;;5592;28;;;367;;
LUG;01.04.1974 00:00;11.1;18.2;3.7;;;;69.8;9.1;978.7;;;;;2.1;;7.6;;107.1;;;;;9924;46;;;200.9;;
LUG;01.05.1974 00:00;15.2;29.7;5.8;;;;70;11.8;979.7;;;;;1.9;;6.8;;89.9;;;;;12780;54;;;64.8;;
LUG;01.06.1974 00:00;18.3;27;8.4;;;;68.8;14.4;980.7;;;;;2;;7.2;;163.4;;;;;13032;55;;;0;;
LUG;01.07.1974 00:00;22.2;31.4;13.6;;;;65.1;17.2;983;;;;;2.1;;7.6;;43.5;;;;;16758;70;;;0;;
LUG;01.08.1974 00:00;22.4;31.4;13.7;;;;69.2;18.6;983.3;;;;;1.3;;4.7;;279.8;;;;;14868;65;;;0;;
LUG;01.09.1974 00:00;17.3;25.8;5.4;;;;76.7;15;982.6;;;;;1.4;;5;;104.5;;;;;10854;54;;;18.1;;
LUG;01.10.1974 00:00;8.7;18.3;1.9;;;;68.8;7.6;978.3;;;;;1.9;;6.8;;49.4;;;;;11100;63;;;335.9;;
LUG;01.11.1974 00:00;6.7;13.8;0;;;;80;8;984.9;;;;;1.4;;5;;143.7;;;;;6498;46;;;398.3;;
LUG;01.12.1974 00:00;6.1;16.6;-1.3;;;;68.8;6.4;988.8;;;;;1.8;;6.5;;5.1;;;;;8832;71;;;425.6;;
LUG;01.01.1975 00:00;4.5;15.2;-1.1;;;;81.7;7;989.5;;;;;1.3;;4.7;;112.9;;;;;6306;47;;;480;;
LUG;01.02.1975 00:00;4.7;12;-0.8;;;;72;6.2;990.5;;;;;1.6;;5.8;;57.5;;;;;9408;63;;;427.4;;
LUG;01.03.1975 00:00;6.6;15;-0.1;;;;77.8;7.5;976.2;;;;;1.5;;5.4;;217.6;;;;;6294;31;;;416.4;;
LUG;01.04.1975 00:00;11.9;24.3;1.8;;;;66.6;9.1;980.8;;;;;2.1;;7.6;;142.4;;;;;14190;66;;;167.7;;
LUG;01.05.1975 00:00;15;27.2;5.4;;;;78.1;13.3;981.2;;;;;1.2;;4.3;;302.6;;;;;10800;46;;;71.2;;
LUG;01.06.1975 00:00;18.1;28;8.3;;;;71.7;15;982.1;;;;;1.5;;5.4;;138.7;;;;;14136;60;;;0;;
LUG;01.07.1975 00:00;22.1;30.4;13.1;;;;66.2;17.7;982.8;;;;;2;;7.2;;51;;;;;16878;71;;;0;;
LUG;01.08.1975 00:00;21.2;29.7;12.2;;;;74.8;18.6;983.7;;;;;1.3;;4.7;;106.7;;;;;12240;54;;;0;;
LUG;01.09.1975 00:00;18.6;25;10.6;;;;87.1;18.5;986.5;;;;;1.1;;4;;161.4;;;;;8292;41;;;0;;
LUG;01.10.1975 00:00;11.6;22;3.2;;;;83.8;11.5;987;;;;;1.3;;4.7;;113.2;;;;;11706;66;;;226.9;;
LUG;01.11.1975 00:00;6.6;13.8;-2;;;;82.7;8.3;984.5;;;;;0.9;;3.2;;203.7;;;;;5298;40;;;402.9;;
LUG;01.12.1975 00:00;4;10.7;-1.3;;;;82.9;6.9;988.9;;;;;0.9;;3.2;;41.1;;;;;7200;58;;;496.7;;
LUG;01.01.1976 00:00;4.5;20.2;-4.6;;;;60.4;5;983.7;;;;;2.1;;7.9;;19.2;;;;;10128;76;;;473.5;;
LUG;01.02.1976 00:00;5.1;14.8;-1.4;;;;80.1;7.1;987.7;;;;;1;;3.6;;34.5;;;;;6084;38;;;432.5;;
LUG;01.03.1976 00:00;6.7;21.3;-1.8;;;;72.1;7.1;984.4;;;;;1.7;;6.1;;22.2;;;;;10104;50;;;391.2;;
LUG;01.04.1976 00:00;11.2;20.2;3.2;;;;67.9;9;980.4;;;;;1.7;;6.1;;143;;;;;11940;56;;;190.2;;
LUG;01.05.1976 00:00;17;29.7;3.7;;;;64.1;12.2;982.5;;;;;1.6;;5.8;;48.8;;;;;17220;74;;;18.3;;
LUG;01.06.1976 00:00;21.2;30.2;10.3;;;;64.6;16.4;985.2;;;;;1.4;;5;;45.5;;;;;17604;75;;;0;;
LUG;01.07.1976 00:00;22.8;33.2;14.4;;;;64.1;17.7;981.5;;;;;1.6;;5.8;;131.4;;;;;15372;64;;;0;;
LUG;01.08.1976 00:00;19;27.3;11.6;;;;76.8;16.8;984.9;;;;;1.3;;4.7;;212.9;;;;;13050;58;;;0;;
LUG;01.09.1976 00:00;15.3;24;6.9;;;;79.6;13.9;983.4;;;;;1.4;;5;;378;;;;;8874;44;;;8.2;;
LUG;01.10.1976 00:00;12.4;21.7;5.6;;;;88.1;12.8;979;;;;;1;;3.6;;540.3;;;;;6372;35;;;150.8;;
LUG;01.11.1976 00:00;7.8;17;1.4;;;;75.1;7.9;984.3;;;;;1.6;;5.8;;209.7;;;;;5730;43;;;359.7;;
LUG;01.12.1976 00:00;3.6;11.6;-3.4;;;;74.1;6;979;;;;;1.4;;5;;39.8;;;;;6498;52;;;509.3;;
LUG;01.01.1977 00:00;1.9;11.8;-4.3;;;;86.8;6.1;982.6;;;;;1.1;;4;;233.7;;;;;4308;32;;;562.3;;
LUG;01.02.1977 00:00;4.9;13.6;-1.8;;;;79.5;6.9;980.4;;;;;1.3;;4.7;;137.6;;;;;7632;51;;;423.7;;
LUG;01.03.1977 00:00;9;23;0.2;;;;75.1;8.4;986.8;;;;;1.5;;5.4;;236.3;;;;;7512;38;;;318;;
LUG;01.04.1977 00:00;11.2;23.1;2.6;;;;63.7;8.4;980.8;;;;;1.9;;7.2;;158.7;;;;;11820;55;;;207.1;;
LUG;01.05.1977 00:00;13.7;23;6.1;;;;82.2;12.8;982.1;;;;;1.4;;5;;276.6;;;;;7788;33;;;69.5;;
LUG;01.06.1977 00:00;17.6;26.3;11;;;;78.8;15.7;981.7;;;;;1.3;;4.7;;148.2;;;;;10752;46;;;0;;
LUG;01.07.1977 00:00;20.2;29.2;12.6;;;;77.4;18.4;981.1;;;;;1.5;;5.4;;292.4;;;;;14046;58;;;0;;
LUG;01.08.1977 00:00;18.6;26.8;11.9;;;;81.5;17.4;980.9;;;;;1.1;;4;;489;;;;;11244;49;;;0;;
LUG;01.09.1977 00:00;16.5;25.8;6;;;;79.8;15.1;987.3;;;;;1.2;;4.3;;48.7;;;;;12234;60;;;16.2;;
LUG;01.10.1977 00:00;13.9;22.4;6.7;;;;83.4;13.3;988.4;;;;;1.2;;4.3;;218;;;;;7740;44;;;17;;
LUG;01.11.1977 00:00;7.8;17.6;-1.1;;;;70.4;7.8;981.3;;;;;1.4;;5;;49.3;;;;;7938;57;;;335.3;;
LUG;01.12.1977 00:00;3.8;15.4;-1.6;;;;77;6.2;988.5;;;;;1.5;;5.4;;68.6;;;;;7524;60;;;502.4;;
LUG;01.01.1978 00:00;3;11;-2.9;;;;79.5;6;981.3;;;;;1.2;;4.7;;278.6;;;;;6054;45;;;527.9;;
LUG;01.02.1978 00:00;2.5;12.3;-3;;;;78.9;5.8;976.8;;;;;1.4;;5.4;;178.1;;;;;5238;36;;;489.1;;
LUG;01.03.1978 00:00;7.8;20.1;1.3;;;;69;7.1;981.6;;;;;1.4;;5.8;;72.1;;;;;9984;50;;;378.2;;
LUG;01.04.1978 00:00;9.5;19.2;1.6;;;;74.3;8.6;976.5;;;;;1.7;;6.5;;165;;;;;7398;35;;;315.7;;
LUG;01.05.1978 00:00;13;22.8;6.6;;;;76.5;11.3;980.5;;;;;1.4;;5;;247.6;;;;;8742;38;;;95.2;;
LUG;01.06.1978 00:00;17.3;25.5;6.5;;;;73.2;14.5;981.7;;;;;1.4;;5.4;;205.4;;;;;13578;58;;;8.7;;
LUG;01.07.1978 00:00;20.5;28.3;12.2;;;;71.4;17;983.5;;;;;1.5;;5.4;;98.8;;;;;13914;59;;;0;;
LUG;01.08.1978 00:00;20.4;26.6;11.4;;;;72.1;17.4;984.2;;;;;1.6;;6.1;;112;;;;;12978;58;;;0;;
LUG;01.09.1978 00:00;17.5;27.1;9.1;;;;67.4;13.5;983.9;;;;;1.9;;7.2;;10.1;;;;;15654;77;;;0;;
LUG;01.10.1978 00:00;12.4;23.2;4.3;;;;76.3;10.8;987.3;;;;;1.7;;6.5;;108;;;;;11928;67;;;120.6;;
LUG;01.11.1978 00:00;6.7;14.5;-0.7;;;;70.1;7.1;992.7;;;;;1.7;;6.1;;9.7;;;;;9702;70;;;398;;
LUG;01.12.1978 00:00;3.3;10.2;-2.4;;;;84.1;6.7;979.2;;;;;1.1;;4.7;;90.2;;;;;5094;40;;;516.3;;
LUG;01.01.1979 00:00;1.5;12;-5.8;;;;68.2;4.7;980.7;;;;;1.9;;7.6;;89.2;;;;;6816;51;;;574.6;;
LUG;01.02.1979 00:00;4.5;17.3;-1.9;;;;79.4;6.8;977.8;;;;;1.3;;4.7;;71.9;;;;;5232;34;;;434.8;;
LUG;01.03.1979 00:00;7;16.2;0.1;;;;74.8;7.5;978.6;;;;;1.5;;5.8;;316.1;;;;;5964;30;;;403;;
LUG;01.04.1979 00:00;9.5;19.1;2.7;;;;65.9;7.7;979;;;;;2.2;;8.3;;119.6;;;;;9330;44;;;295.1;;
LUG;01.05.1979 00:00;15.6;26.1;4.4;;;;62;11.2;985.2;;;;;1.8;;7.2;;69.2;;;;;12342;53;;;67.2;;
LUG;01.06.1979 00:00;19.1;27.1;11.3;;;;72.5;16.3;983.8;;;;;1;;5;;174.6;;;;;10620;45;;;0;;
LUG;01.07.1979 00:00;20.5;28.9;10.4;;;;68.5;16.7;985.2;;;;;1.5;;5.4;;280.5;;;;;13476;57;;;0;;
LUG;01.08.1979 00:00;18.7;28.5;8.9;;;;75.3;16.1;982;;;;;1.3;;5.8;;273.5;;;;;13356;60;;;0;;
LUG;01.09.1979 00:00;16.6;25;8.3;;;;75.3;14.2;986.5;;;;;1.2;;4.7;;87.2;;;;;11652;58;;;0;;
LUG;01.10.1979 00:00;12.3;21.4;2.3;;;;81.8;11.8;983.5;;;;;0.9;;4;;358.6;;;;;4752;27;;;110.4;;
LUG;01.11.1979 00:00;6.8;18;-0.4;;;;69.4;6.8;982.5;;;;;1.2;;5.8;;101.4;;;;;7458;55;;;389.2;;
LUG;01.12.1979 00:00;4.7;12.8;-1.1;;;;75;6.4;983.2;;;;;1;;4.7;;137.4;;;;;6750;54;;;475.7;;
LUG;01.01.1980 00:00;2.2;9.5;-4.1;;;;72.2;5.2;983.6;;;;;1.2;;5;;71.2;;;;;6900;51;;;551.5;;
LUG;01.02.1980 00:00;5.3;15.3;0.2;;;;68.5;6.2;988.3;;;;;1.2;;4.7;;0.1;;;;;10056;64;;;427.3;;
LUG;01.03.1980 00:00;6.7;16.5;1.1;;;;74.5;7.2;978.4;;;;;1.4;;5.4;;189.9;;;;;6594;33;;;403.6;;
LUG;01.04.1980 00:00;10.3;19.7;2;;;;52.4;6.5;981.8;;;;;2.6;;10.1;;12.7;;;;;13044;61;;;263.3;;
LUG;01.05.1980 00:00;12.3;21.5;5;;;;77.1;10.9;979.3;;;;;1.1;;5.4;;262.7;;;;;6870;30;;;122.6;;
LUG;01.06.1980 00:00;17;28.2;8;;;;68.9;13.1;980.8;;;;;1.5;;6.8;;367.7;;;;;12084;52;;;0;;
LUG;01.07.1980 00:00;18.7;29.1;10;;;;70.4;15.3;981.1;;;;;1.5;;6.1;;109.3;;;;;11760;50;;;0;;
LUG;01.08.1980 00:00;21.3;30.2;12.2;;;;72.1;18.2;983.4;;;;;1.2;;5;;158.6;;;;;12228;55;;;0;;
LUG;01.09.1980 00:00;18.2;25.1;11.5;;;;75.3;15.6;987.7;;;;;1.4;;5.4;;40.9;;;;;11538;57;;;0;;
LUG;01.10.1980 00:00;11.6;22.1;4.4;;;;74.7;10.3;980.2;;;;;1.7;;6.1;;245.8;;;;;7740;44;;;195.2;;
LUG;01.11.1980 00:00;6.7;18.7;1;;;;75.4;7.4;983.1;;;;;1.5;;5.8;;42.8;;;;;4584;34;;;392.8;;
LUG;01.12.1980 00:00;3.4;13;-3.5;;;;58.9;4.6;985.6;;;;;2;;7.6;;3.3;;;;;8220;65;;;515.3;;
LUG;01.01.1981 00:00;2.7;16;-5.4;1.4;-11.3;24.2;52.6;3.9;986.2;1020.3;;;;2.2;23.5;7.9;84.6;0.4;68;;;;10104;75;32.1;0;537.1;289.1;-8.9
LUG;01.02.1981 00:00;3.3;11.7;-2.8;3.3;-9;27.7;65.1;5.2;985.8;1019.8;;;;1.3;18.2;4.7;65.5;1.6;87;;;;7413;50;24.2;0;467.9;243.9;-6.6
LUG;01.03.1981 00:00;8.5;19.5;-0.4;10.3;-7.1;44.4;71.1;7.8;980.7;1013.9;;;;1.4;23.8;5;85.7;253.2;112;;;;8325;42;48.9;0;341.8;109.8;228.8
LUG;01.04.1981 00:00;11.6;22.8;2.8;15.7;-4;50.7;69.4;9.3;982.8;1015.7;;;;1.3;17.6;4.7;63.4;86.5;167;;;;9925;46;68.9;0;168.1;40.1;44.1
LUG;01.05.1981 00:00;13.8;24;4.5;19.1;-2.3;56.8;73.8;11.5;980.8;1013.3;;;;1.4;15.5;5;55.8;236.3;185;;;;8972;39;84.4;0.6;57.3;9.3;190.3
LUG;01.06.1981 00:00;19.4;29.1;11.5;26.5;5.9;62.7;66.5;15;983.6;1015.6;;;;1.8;19.1;6.5;68.8;80.6;241;;;;11033;47;123.3;49.3;0;0;12.2
LUG;01.07.1981 00:00;19.8;27.8;10.9;26.1;5.4;59.8;69.3;15.9;984;1015.9;;;;1.8;20.9;6.5;75.2;259;229;;;;12329;52;121.8;56;0;0;183.1
LUG;01.08.1981 00:00;20.9;28.7;12.7;27.5;8.3;58.3;72.7;17.9;985.1;1017;;;;1.6;15.2;5.8;54.7;30.2;226;;;;14938;67;114.1;81.8;0;0;-36
LUG;01.09.1981 00:00;17.4;23.3;11;19.8;5.9;47.9;79.3;15.7;984.4;1016.6;;;;1.7;24;6.1;86.4;385.5;116;;;;6852;34;60.1;7.6;0;0;359.6
LUG;01.10.1981 00:00;12;22.6;2.3;12.9;-4.1;41.4;75.7;10.9;982.2;1015;;;;1.6;24;5.8;86.4;146.9;88;;;;7418;42;41;0;148.9;44.9;125.6
LUG;01.11.1981 00:00;6.7;17.3;-1.4;5.8;-9.1;32.4;63.7;6.4;990.3;1023.5;;;;1.9;22;6.8;79.2;1;81;;;;10688;77;30.5;0;398.6;158.6;-22
LUG;01.12.1981 00:00;3;11.9;-3.1;1.3;-12;17.3;66.6;4.9;973.1;1006.7;;;;2;23.4;7.2;84.2;155.9;45;;;;6161;49;25;0;525.5;277.5;144
LUG;01.01.1982 00:00;3.4;20;-2.3;2.5;-8.3;27.2;75.2;5.7;987.4;1021.4;;;;1.6;24.1;5.8;86.8;5.8;52;;;;5812;43;22.3;0;508.4;268.4;3.2
LUG;01.02.1982 00:00;3.3;13.9;-3.6;3;-10.5;31.6;74;5.8;989.3;1023.4;;;;1.2;19.2;4.3;69.1;27;78;;;;6824;46;21.8;0;467.9;243.9;19.9
LUG;01.03.1982 00:00;6.8;16.4;0.6;8.5;-6;41.6;62;5.9;985.9;1019.4;;;;1.9;23.7;6.8;85.3;68.1;136;;;;10528;53;56.7;0;410.5;162.5;34.3
LUG;01.04.1982 00:00;11.2;21.8;2.9;15.4;-2.7;47.9;62.5;8;982.2;1015.1;;;;1.8;18.9;6.5;68;21.9;203;;;;12973;61;84.7;0;191.5;39.5;-41.3
LUG;01.05.1982 00:00;15.6;26.1;5.1;21.9;0.1;57.9;67.9;11.9;987.3;1019.8;;;;1.3;19.1;4.7;68.8;171.1;225;;;;12597;54;105.6;8.6;67.3;11.3;104.4
LUG;01.06.1982 00:00;20.2;28.1;12.9;27;7.5;59.3;66.7;15.7;983.1;1014.9;;;;1.7;16;6.1;57.6;204.9;233;;;;13037;55;120.8;61.8;0;0;65.4
LUG;01.07.1982 00:00;22.3;34;12.1;29.2;10.4;59;69.6;18.5;984.6;1016.2;;;;1.6;27.3;5.8;98.3;148;227;;;;13133;56;128.3;129.9;0;0;73.5
LUG;01.08.1982 00:00;19.8;27.4;11;25.2;7.6;56.5;76.1;17.5;984.2;1016.1;;;;1.5;22.9;5.4;82.4;268.6;190;;;;11784;53;97;53.9;0;0;215.5
LUG;01.09.1982 00:00;18.4;26.2;11.1;22.2;7.5;51.9;81.1;17.1;987.5;1019.7;;;;1.4;21.5;5;77.4;252.1;146;;;;10351;51;68.3;23.7;0;0;221.9
LUG;01.10.1982 00:00;11.1;21.1;5.3;12.3;-0.6;45.1;84.1;11.1;983.1;1016;;;;1.2;8.9;4.3;32;210.4;93;;;;8342;47;33.5;0;247.6;39.6;194.6
LUG;01.11.1982 00:00;8.1;15;1.6;7.5;-2.1;29.5;80.3;8.7;987.5;1020.9;;;;1.2;16.9;4.3;60.8;225.1;51;;;;4739;34;19.5;0;358;118;215.9
LUG;01.12.1982 00:00;5.1;15.3;-1.5;3.1;-7.9;20.3;69.9;6.2;983.7;1017.4;;;;1.6;21.9;5.8;78.8;80.2;44;;;;5997;48;21.6;0;463.4;215.4;72.5
LUG;01.01.1983 00:00;4.7;21.9;-1;3.3;-8.1;26.1;67.9;5.8;993.7;1027.7;;;;1.6;25.4;5.8;91.4;0.8;64;;;;8313;62;23.7;0;468.7;228.7;-4.8
LUG;01.02.1983 00:00;2.3;10.1;-2.5;1.8;-9.6;27.4;69.1;4.9;985.8;1019.9;;;;1.3;18.3;4.7;65.9;37.6;80;;;;6099;41;23.2;0;495;271;30.9
LUG;01.03.1983 00:00;7.7;18.1;0.9;9.6;-5.4;41.6;70.8;7.3;984.9;1018.3;;;;1.3;21.1;4.7;76;129.9;122;;;;9558;48;47.9;0;373.5;133.5;105.1
LUG;01.04.1983 00:00;10.3;19.2;2.7;13;-2.1;46.5;73.5;9.1;981.2;1014.2;;;;1.5;20.4;5.4;73.4;249.9;123;;;;5882;28;58.2;0;253.6;53.6;217
LUG;01.05.1983 00:00;12.9;22;5.7;16.6;1.7;54.1;78.6;11.5;979.8;1012.4;;;;1.4;19.4;5;69.8;386;141;;;;6168;27;68.5;0;70.5;6.5;355.2
LUG;01.06.1983 00:00;19.2;28.2;10.3;26.5;4.7;60.1;68;14.9;986.4;1018.4;;;;1.4;21.3;5;76.7;67.2;237;;;;12774;54;118.4;45.3;0;0;-6.9
LUG;01.07.1983 00:00;23.8;37.1;14.7;31.6;9.3;59.8;67.9;19.8;985.3;1016.8;;;;1.5;15.4;5.4;55.4;69.2;243;;;;15493;66;139.1;170.8;0;0;-18
LUG;01.08.1983 00:00;20.8;30.6;13.7;26.1;8.2;58.5;68.4;16.6;985;1016.8;;;;1.6;24.6;5.8;88.6;100.6;192;;;;11150;50;108;80.1;0;0;18.9
LUG;01.09.1983 00:00;17.6;30.8;9.1;21.3;4.1;51.3;71.3;14.2;986;1018.2;;;;1.6;26;5.8;93.6;203.7;161;;;;13963;69;75.4;11.2;0;0;167.8
LUG;01.10.1983 00:00;13.2;23.2;4.6;14.7;-0.3;43.9;74.6;11.4;990;1022.9;;;;1.5;19.6;5.4;70.6;32.7;111;;;;11384;64;44.8;0;122.9;18.9;4.2
LUG;01.11.1983 00:00;7.1;16.9;-0.1;6.3;-6.1;30.8;71;7.3;986.8;1020.3;;;;1.6;21.5;5.8;77.4;24;64;;;;7892;57;25;0;385.9;145.9;9
LUG;01.12.1983 00:00;3.4;14;-2.6;1.8;-8.9;22.7;70.4;5.4;987.1;1021.1;;;;1.7;29.6;6.1;106.6;151.6;46;;;;7487;60;21.6;0;513.2;265.2;141.4
LUG;01.01.1984 00:00;3.3;11.3;-3.1;1.6;-9.9;20.1;62.9;4.8;984;1018;;;;1.6;17.4;5.8;62.6;25.5;55;;;;7153;53;23.9;0;516.8;268.8;19.2
LUG;01.02.1984 00:00;3.5;13.4;-3.5;2.8;-10.4;26.1;68;5.3;985.9;1019.8;;;;1.9;24.9;6.8;89.6;63.8;74;;;;5762;37;29.6;0;478.2;246.2;48.8
LUG;01.03.1984 00:00;6.7;15.2;-0.6;8.2;-8.9;39.6;61.1;5.9;981.4;1014.7;;;;1.9;24.6;6.8;88.6;135.1;125;;;;9425;47;55;0;411.3;163.3;105.5
LUG;01.04.1984 00:00;10.7;24.5;2.2;14.6;-5.5;48.7;60.6;7.5;982.6;1015.6;;;;1.9;22.6;6.8;81.4;106.3;184;;;;13295;62;83.9;1;222.6;62.6;38.6
LUG;01.05.1984 00:00;11.5;21.7;4.1;14.9;-0.7;52.9;78.9;10.6;976.4;1009.1;;;;1.3;15.2;4.7;54.7;410.3;131;;;;4791;21;64.3;0;182.7;30.7;385.2
LUG;01.06.1984 00:00;18.9;32.4;8;25.5;4.6;59.6;65.1;13.9;983.2;1015.2;;;;1.5;15.9;5.4;57.2;177.5;235;;;;13620;58;123.3;57.6;29;5;90.4
LUG;01.07.1984 00:00;22.7;34.6;12.9;29.5;7.8;60.6;55.3;15.2;984.9;1016.5;;;;2.1;18.5;7.6;66.6;14;262;;;;18286;78;158.7;135;0;0;-120
LUG;01.08.1984 00:00;20;31.2;12.9;25.4;10;59.2;72.2;16.5;984.1;1016;;;;1.7;18.7;6.1;67.3;250.6;197;;;;11714;52;105.2;65.5;0;0;192.3
LUG;01.09.1984 00:00;15.3;25.8;6.7;18.7;2.4;52;73.9;13;979.7;1012;;;;1.9;23.9;6.8;86;277.5;156;;;;10433;52;69.7;9.3;17.8;1.8;237.7
LUG;01.10.1984 00:00;12.3;20.3;5.7;13.4;1;40.7;81.5;11.6;987.2;1020.2;;;;1.4;18.8;5;67.7;179.3;93;;;;8375;47;36.3;0;111;15;161.3
LUG;01.11.1984 00:00;8.2;16.8;0.8;7.5;-4.6;33.7;78.2;8.6;982.8;1016.1;;;;1.4;21.3;5;76.7;108.9;52;;;;5181;37;20.5;0;353.1;113.1;98.9
LUG;01.12.1984 00:00;5.4;21.2;-1.5;3.8;-6.9;23.4;74.2;6.7;989.4;1023.2;;;;1.5;25.9;5.4;93.2;83.1;42;;;;6481;52;18.3;0;454;206;75.1
LUG;01.01.1985 00:00;0.1;9;-9;-1.5;-15.3;22.5;69;4.4;978.4;1012.6;;;;1.8;24.1;6.5;86.8;159.8;48;;;;5895;44;20.4;0;618.2;370.2;154.7
LUG;01.02.1985 00:00;3.4;17.6;-2.9;3.2;-8.1;33.8;71.6;5.6;985.7;1019.7;;;;1.3;15.6;4.7;56.2;6.4;74;;;;6036;40;23;0;464.5;240.5;0.3
LUG;01.03.1985 00:00;6.2;15.7;0.6;7.5;-5.5;38.1;69.1;6.5;981;1014.5;;;;2;21.8;7.2;78.5;217.5;109;;;;7947;40;49.7;0;426.9;178.9;189.8
LUG;01.04.1985 00:00;11.5;23;3.3;15.2;-2.3;49.1;58.9;7.7;979.9;1012.7;;;;2.4;25.2;8.6;90.7;95.2;185;;;;13144;62;89.3;0;203.3;27.3;23.7
LUG;01.05.1985 00:00;14.4;25.6;6.3;20.1;4;58.5;73;11.8;979.3;1011.8;;;;1.5;18.6;5.4;67;272.5;174;;;;10262;44;87.7;3.8;88.3;16.3;220.8
LUG;01.06.1985 00:00;18.1;26.5;10.4;24.9;6.1;58.8;64.4;13.2;981.8;1013.9;;;;1.9;20.1;6.8;72.4;130;228;;;;13871;59;117.7;18.7;0;0;41.1
LUG;01.07.1985 00:00;22.6;30.3;14.5;30.1;11.9;58.4;68.8;18.7;984.4;1016.1;;;;1.7;19.7;6.1;70.9;115.6;229;;;;15318;65;129.9;134.7;0;0;29.7
LUG;01.08.1985 00:00;21;29.3;11.3;27.2;5.9;57.4;65.3;16.3;983.5;1015.3;;;;2.1;24.6;7.6;88.6;130.2;224;;;;16089;72;125;89;0;0;43.1
LUG;01.09.1985 00:00;18.6;27.9;11.3;23.1;7.9;50.7;74.5;15.8;987.7;1019.9;;;;1.6;22.4;5.8;80.6;50.2;173;;;;14862;74;79.7;20.8;0;0;0.3
LUG;01.10.1985 00:00;13.7;26;4.6;15.1;-0.5;43.6;76.7;12.2;990.7;1023.6;;;;1.6;16.1;5.8;58;9.9;106;;;;9768;55;46;0.7;110.3;22.3;-13.1
LUG;01.11.1985 00:00;5.8;17.5;-0.8;4.9;-5.8;27.6;74.8;6.9;980.7;1014.2;;;;1.7;24.3;6.1;87.5;117.5;57;;;;6661;48;23.9;0;426.9;186.9;103.1
LUG;01.12.1985 00:00;5.5;16.2;0.3;4.1;-4.4;22.4;77.9;7.1;986.7;1020.5;;;;1.2;21.9;4.3;78.8;75.6;38;;;;5540;44;16.1;0;448.2;200.2;67.3
LUG;01.01.1986 00:00;3.5;14.5;-2.8;2.1;-8.2;20.6;65.1;5.1;979.7;1013.5;;;;2;24.1;7.2;86.8;177.6;57;;;;7781;58;26.8;0;510.1;262.1;157.4
LUG;01.02.1986 00:00;1.7;10.1;-5.6;1.5;-10.9;30.6;72.3;5.1;977;1010.9;;;;1.7;24.3;6.1;87.5;59.6;77;;;;5221;35;23.1;0;513.3;289.3;69.6
LUG;01.03.1986 00:00;7.1;16.3;-1.4;9.1;-2.6;41.4;70.7;7;983.9;1017.4;;;;1.5;20.7;5.4;74.5;45.3;117;;;;8185;41;47.7;0;400.4;152.4;19.1
LUG;01.04.1986 00:00;9.3;24.3;1.2;10.5;-2.7;47.6;77.3;9;977.4;1010.4;;;;2.2;21.9;7.9;78.8;511.9;90;;;;4601;22;49.1;0;295.9;87.9;484.9
LUG;01.05.1986 00:00;17;28.7;8.4;23.2;4.8;57.7;70.4;13.5;985.3;1017.6;;;;1.9;27.8;6.8;100.1;194;195;;;;10687;46;105;21.2;8.6;0.6;137
LUG;01.06.1986 00:00;19.3;29.8;8.1;27.2;3.6;58.9;67.9;15.5;982.4;1014.4;;;;1.8;22.3;6.5;80.3;79;240;;;;13359;57;123.3;61.4;8.1;0.1;7.8
LUG;01.07.1986 00:00;21.5;30;13.7;28.5;10.3;57.9;64.9;16.6;984.2;1015.9;;;;2;19.9;7.2;71.6;64;234;;;;14560;62;131.3;98.5;0;0;-30.1
LUG;01.08.1986 00:00;20.8;29.6;11;26.7;6.2;59.6;68.7;16.9;982.8;1014.6;;;;1.8;19.9;6.5;71.6;306.7;204;;;;13729;61;111.6;88.3;0;0;238.3
LUG;01.09.1986 00:00;17.4;24.8;10.3;21.2;7;49.1;77.1;15.2;987.4;1019.8;;;;1.4;18.5;5;66.6;99.8;140;;;;9440;47;64.9;8.2;0;0;65.7
LUG;01.10.1986 00:00;13.9;22.9;4.2;15.9;-0.8;45.5;71.6;11.6;987.5;1020.3;;;;1.9;22.5;6.8;81;4.3;109;;;;11067;62;52.5;0;69.1;13.1;-24.9
LUG;01.11.1986 00:00;8.8;16.4;1.2;8.4;-2.2;28.2;72.5;8.2;990.8;1024.3;;;;1.6;23.3;5.8;83.9;56.3;56;;;;6764;49;27.1;0;329.4;97.4;41.6
LUG;01.12.1986 00:00;4.4;13.8;-2.8;3;-10;22.4;62.6;5.3;987.4;1021.3;;;;2.1;23.2;7.6;83.5;1.4;51;;;;8347;66;26.2;0;483.4;235.4;-10.6
LUG;01.01.1987 00:00;2.1;14.6;-5.2;1.4;-8.7;20.4;66.6;4.7;981.6;1015.6;;;;2.2;31.8;7.9;114.5;53;59;;;;8410;62;26.6;0;553.9;305.9;46.9
LUG;01.02.1987 00:00;4;16;-4;5.3;-2.9;25.4;76.4;6.2;981.1;1014.9;;;;1.4;26.2;5;94.3;138.2;65;;;;5349;36;22.8;0;449.1;225.1;132.3
LUG;01.03.1987 00:00;5.2;17.2;-2.9;8.9;-3.9;34.6;58.3;5.2;982.8;1016.5;;;;2.4;23.8;8.6;85.7;25.8;129;;;;10078;50;56.8;0;458;210;-10.9
LUG;01.04.1987 00:00;11.7;23.3;1.4;16.2;2.5;34.7;61.5;8.2;984.5;1017.5;;;;2.3;27.1;8.3;97.6;124.5;172;;;;12781;60;84.6;0;149;37;62.6
LUG;01.05.1987 00:00;14;24.6;5.5;18.9;5.2;37.1;62;9.7;980.1;1012.6;;;;2.4;28;8.6;100.8;143.1;200;;;;12372;53;106.8;0.3;56.9;8.9;64.8
LUG;01.06.1987 00:00;17.5;28.8;8.8;22.6;9.7;42.8;68.8;13.6;983;1015.2;;;;1.9;19.1;6.8;68.8;276.7;204;;;;12360;53;105.7;25.1;16;0;201.3
LUG;01.07.1987 00:00;21.4;30.1;11.2;26.9;15;43.6;70;17.6;982.7;1014.4;;;;1.9;22.4;6.8;80.6;309.7;203;;;;12603;53;117.9;97.6;0;0;237.1
LUG;01.08.1987 00:00;20.6;29.6;12.3;27.8;11.5;53.2;70.5;17.1;983.2;1015;;;;1.9;23.6;6.8;85;153.3;216;;;;14170;63;114.8;79.1;0;0;82.1
LUG;01.09.1987 00:00;19.4;27;9.4;26.3;11;49.9;75.1;17;985.9;1018;;;;1.7;19.9;6.1;71.6;63;174;;;;12071;60;82.1;49.1;0;0;22.8
LUG;01.10.1987 00:00;12.7;18.4;6.1;14.5;7.2;32.9;82.4;12.1;986.4;1019.3;;;;1.3;18.4;4.7;66.2;267.3;63;;;;3586;20;31.5;0;96.2;8.2;256.6
LUG;01.11.1987 00:00;8.3;20.2;2;9.5;2.3;26.8;72.6;7.9;982.9;1016.2;;;;1.8;23;6.5;82.8;67.8;60;;;;6220;45;28.3;0;349.9;109.9;53.6
LUG;01.12.1987 00:00;4.9;18.1;-1;5.5;-1.4;19.2;78;6.8;988.2;1022.1;;;;1.2;14.8;4.3;53.3;39;42;;;;5382;43;13.9;0;469.1;221.1;34.1
LUG;01.01.1988 00:00;4.7;11.8;-0.6;5.2;-1.7;20;76.1;6.5;983.8;1017.6;;;;1.5;22;5.4;79.2;168.7;43;;;;4810;36;20.4;0;475.5;227.5;165.2
LUG;01.02.1988 00:00;5.3;15.9;-0.5;7.6;-1.1;28.1;57.2;4.9;981.6;1015.2;;;;2.5;22;9;79.2;44.3;91;;;;9495;61;44.3;0;427;195;30.7
LUG;01.03.1988 00:00;8.6;19.4;0.1;12.5;0.5;36.4;49.2;5.4;978.6;1011.7;;;;3.2;22.4;11.5;80.6;64.1;139;;;;11759;59;79.4;0;339.9;107.9;18
LUG;01.04.1988 00:00;11.8;21.2;6.1;17.2;6.4;41.6;72.5;9.9;981.8;1014.7;;;;1.6;19.8;5.8;71.3;81.1;143;;;;7902;37;66.7;0;147;27;35.7
LUG;01.05.1988 00:00;15.2;24.5;9.5;20.1;9.6;48.1;82.3;14;981.6;1014;;;;1.4;13.7;5;49.3;359.5;147;;;;6710;29;75.6;0.9;16.4;0.4;341.7
LUG;01.06.1988 00:00;17.7;26.3;9.5;17.7;9.6;32.5;74.5;14.9;980.9;1013;;;;1.9;19.9;6.8;71.6;197.8;195;;;;9954;42;101.1;14;8.1;0.1;147.9
LUG;01.07.1988 00:00;21.7;30.2;13.6;21.5;13.6;30.7;72;18.6;983.1;1014.8;;;;1.8;19.8;6.5;71.3;138.6;215;;;;14903;63;120.8;109.3;0;0;59.7
LUG;01.08.1988 00:00;21.4;30.5;12.2;20.8;11.7;30.5;70.3;17.9;982.5;1014.2;;;;1.9;25;6.8;90;146;206;;;;14596;65;113.2;97.1;0;0;75.3
LUG;01.09.1988 00:00;17.5;30.8;8.8;16.3;8.8;33.8;71.3;14.2;985.6;1017.9;;;;1.8;18.2;6.5;65.5;86.7;160;;;;12095;60;77.3;13.3;0;0;35.9
LUG;01.10.1988 00:00;13.9;21.4;7.8;13.2;6.8;20.5;83.1;13.3;986.8;1019.6;;;;1.6;18.3;5.8;65.9;221.9;78;;;;6990;39;36.3;0;44.6;4.6;209.8
LUG;01.11.1988 00:00;5.6;18.3;-3;4;-4.8;14.1;69.1;6.4;988.4;1022.2;;;;1.9;21.9;6.8;78.8;4.3;63;;;;8018;58;26.6;0;433;193;-12.5
LUG;01.12.1988 00:00;5.2;19.1;-0.9;3.1;-4;14.9;64.1;5.5;987.8;1021.7;;;;2.1;26.8;7.6;96.5;45.5;50;;;;8399;67;30.3;0;459.1;211.1;33.1
LUG;01.01.1989 00:00;3.4;10.6;-1.9;1.7;-3.1;8.1;67.9;5.3;998.2;1032.6;;;;1.1;14.9;4;53.6;0;64;;;;10501;78;16.1;0;515.9;267.9;-6.5
LUG;01.02.1989 00:00;5.8;16;0.7;4.4;-1.3;14;67.8;6.2;988.1;1021.9;;;;1.4;22.5;5;81;126.2;77;;;;8257;55;27.7;0;398.3;174.3;117.5
LUG;01.03.1989 00:00;10;21.9;1.3;9;-0.8;25.7;63;7.5;984.2;1017.3;;;;1.7;22.5;6.1;81;40.8;131;;;;13267;66;62.4;0;272;72;2.6
LUG;01.04.1989 00:00;9.8;20;4.3;9.6;2;28.4;77.4;9.2;976.7;1009.6;;;;2;23;7.2;82.8;545.7;107;;;;5927;28;54;0;278.7;70.7;516.7
LUG;01.05.1989 00:00;15.8;27.6;8;15.8;6.2;30.4;69.9;12.3;985.8;1018.3;;;;1.8;22.3;6.5;80.3;100.1;218;;;;13701;59;108.4;1.1;0;0;34.4
LUG;01.06.1989 00:00;18.3;28.4;8;18.3;7.6;34.8;67.2;13.9;982.5;1014.6;;;;2;26.2;7.2;94.3;145.1;242;;;;15117;64;122.9;37.6;8.6;0.6;60.2
LUG;01.07.1989 00:00;21.8;32.1;13.9;21.9;14;34.3;70.2;17.9;985.1;1016.8;;;;1.7;15.1;6.1;54.4;111.8;226;;;;13943;59;126.5;109.6;0;0;33.5
LUG;01.08.1989 00:00;21.1;29.6;12;21;11.9;31.1;69;17.4;982.3;1014;;;;2.1;27.6;7.6;99.4;193.5;235;;;;16215;72;127.7;88.9;0;0;112.4
LUG;01.09.1989 00:00;17;24.6;9.4;16.7;9.3;24.2;76.7;14.8;985.5;1017.8;;;;1.7;20.6;6.1;74.2;47.6;151;;;;9363;46;69.3;6.7;0;0;15.1
LUG;01.10.1989 00:00;12.8;26;6.3;12;5.9;23.7;69.6;10.1;988.3;1021.3;;;;2;18.4;7.2;66.2;5.4;124;;;;11999;68;56;0;94.1;6.1;-31.4
LUG;01.11.1989 00:00;7.3;16;-0.9;6.6;-2.1;14.4;70.4;7.4;985.2;1018.7;;;;1.8;21.3;6.5;76.7;76.5;56;;;;6492;47;26.8;0;365.6;141.6;62.1
LUG;01.12.1989 00:00;4.1;16.2;-2.8;3.2;-3.8;13.3;71.7;6.1;986.4;1020.3;;;;1.6;26.8;5.8;96.5;75.7;45;;;;7068;56;17.9;0;494.3;246.3;66.5
LUG;01.01.1990 00:00;2.5;8.5;-2.8;1.4;-4;8.4;68.1;5.1;992.4;1026.8;;;;1.3;6.9;4.7;24.8;45.8;56;;;;8522;63;16.9;0;541.5;293.5;39.7
LUG;01.02.1990 00:00;7.1;21.1;0.6;6.4;-0.7;20.3;67.9;6.7;986.7;1020.2;;;;1.9;25.8;6.8;92.9;18.3;85;;;;8393;56;35.6;0;354.9;138.9;9.4
LUG;01.03.1990 00:00;10.5;24.5;0.4;10.1;-0.6;24.5;54.3;6.9;992.5;1025.8;;;;2.1;26.5;7.6;95.4;6.2;138;;;;11610;58;71.6;0;244.4;60.4;-31.5
LUG;01.04.1990 00:00;10.7;24.8;4.8;10.6;4;28.6;68.3;8.4;980.2;1013.1;;;;2.1;19.2;7.6;69.1;173.5;152;;;;9494;44;74.2;0;225.1;57.1;122.3
LUG;01.05.1990 00:00;17;26.5;10.2;17;9.7;29.1;69.4;13.3;985.8;1018.1;;;;1.8;18.9;6.5;68;136.9;209;;;;12771;55;107.1;5.9;0;0;74.5
LUG;01.06.1990 00:00;18.4;28.9;9.3;18.5;9.3;28.9;74.5;15.7;982.1;1014.2;;;;1.8;15.3;6.5;55.1;289;216;;;;11624;49;109.1;31.9;0;0;210.5
LUG;01.07.1990 00:00;22.2;31.1;12.5;22.5;12.5;34.1;64.6;17.2;984.4;1016;;;;2.2;22.1;7.9;79.6;14.1;260;;;;17019;72;147.7;123.2;0;0;-65.6
LUG;01.08.1990 00:00;21.8;31.3;15.1;21.2;14.2;30.4;66.4;17;986.3;1018.1;;;;2.1;21.2;7.6;76.3;84.4;224;;;;14630;65;126.8;107.1;0;0;4.2
LUG;01.09.1990 00:00;17.9;27.3;11.3;17;10.5;24.3;65.6;13.3;984;1016.1;;;;2;17.2;7.2;61.9;90.8;178;;;;12264;61;87.8;12.1;0;0;33
LUG;01.10.1990 00:00;13.6;22.3;5.6;13;4.9;20;81.7;12.9;983.8;1016.4;;;;1.5;20.4;5.4;73.4;287.9;83;;;;6298;35;38.1;0;95.9;15.9;269.5
LUG;01.11.1990 00:00;7.3;19.4;0.8;6;-0.4;15.8;70;7.1;981.3;1014.7;;;;1.9;19.7;6.8;70.9;101.1;66;;;;7828;56;28.5;0;374.3;142.3;85.4
LUG;01.12.1990 00:00;2.6;10.9;-3;1.4;-4;9;63.4;4.6;984.8;1018.9;;;;1.8;19.1;6.5;68.8;94.4;50;;;;7395;59;22.2;0;538.7;290.7;82.3
LUG;01.01.1991 00:00;3;13.1;-2.8;2.2;-3.3;10.9;72;5.6;992.5;1026.8;;;;1.3;13.5;4.7;48.6;61.9;53;;;;7415;55;17.9;0;525.6;277.6;57.3
LUG;01.02.1991 00:00;2.5;17.5;-8.2;1.6;-9.6;13.9;64.8;4.9;984.7;1018.8;;;;1.8;14.8;6.5;53.3;22.4;93;;;;9837;66;29.1;0;489.9;265.9;8.1
LUG;01.03.1991 00:00;9.6;20.3;2.3;9.1;1.8;20.6;76;9;982.4;1015.5;;;;1.4;17.4;5;62.6;213.3;95;;;;6508;32;43.4;0;316;76;197.5
LUG;01.04.1991 00:00;10.5;21.4;1.6;10.4;0.9;24.2;62.9;7.9;981.8;1014.8;;;;2.2;23.6;7.9;85;63.1;158;;;;9574;45;75.1;0;209.5;57.5;17
LUG;01.05.1991 00:00;13.8;27.3;3.6;13.7;3.4;31.6;59.2;9;982.2;1014.8;;;;2.8;23.6;10.1;85;92.9;209;;;;13033;56;118.7;2.6;100.2;20.2;2.4
LUG;01.06.1991 00:00;18.6;29.4;9.3;18.4;8.6;29.6;66.5;14.1;982.1;1014.1;;;;1.9;21.1;6.8;76;148.8;201;;;;11692;50;111.2;38.2;0;0;73.5
LUG;01.07.1991 00:00;23.6;31.9;13.8;23.4;13.6;34.8;60.7;17.6;982.8;1014.3;;;;2.1;20;7.6;72;49.2;245;;;;17383;74;150.1;163.8;0;0;-65.1
LUG;01.08.1991 00:00;23.7;32.3;14;23.2;13.1;34.3;62;18;985.2;1016.7;;;;2.2;23.4;7.9;84.2;12.1;243;;;;16837;75;143.9;167.4;0;0;-84.7
LUG;01.09.1991 00:00;19.6;28.8;9.7;18.7;9.1;26.8;70.7;15.9;984.8;1016.8;;;;2;20.2;7.2;72.7;381.5;147;;;;9571;47;78.6;50.2;0;0;336.9
LUG;01.10.1991 00:00;11.9;24.1;2.8;11;2.1;20.5;76.9;10.9;985.2;1018.1;;;;1.7;18.5;6.1;66.6;132;93;;;;7449;42;42.2;0;156.2;44.2;110.2
LUG;01.11.1991 00:00;7.1;14.4;1.4;6.1;0;12.7;70.5;7;983.8;1017.3;;;;1.8;20.4;6.5;73.4;95.6;58;;;;6433;46;26.7;0;388.1;148.1;80.4
LUG;01.12.1991 00:00;3.5;19.6;-4;2.2;-4.7;15.4;59.2;4.6;992.9;1027.1;;;;2.3;33.3;8.3;119.9;14.7;54;;;;8864;71;29.7;0;511.4;263.4;1.5
LUG;01.01.1992 00:00;3;12.9;-2.2;2;-2.7;8.5;77.3;5.9;995.3;1029.7;;;;1.2;9.8;4.3;35.3;50;51;;;;6795;50;14.7;0;526.7;278.7;46.6
LUG;01.02.1992 00:00;5.8;16.7;-2.8;4.9;-3.4;14;60;5.5;991.7;1025.6;;;;2;26.4;7.2;95;22.3;94;;;;9423;61;38;0;412.3;180.3;11
LUG;01.03.1992 00:00;8.7;21.1;1.2;8.1;0.2;22.8;60.6;6.6;983.2;1016.5;;;;2.1;19.8;7.6;71.3;125.3;126;;;;10237;51;61.8;0;332.5;108.5;81
LUG;01.04.1992 00:00;11.4;23.9;3.2;10.9;2;27;67.1;8.8;979.9;1012.7;;;;2.1;22.1;7.6;79.6;136.4;139;;;;7797;36;73.5;0;200;48;105
LUG;01.05.1992 00:00;16.9;27.3;9.6;16.5;8.8;29.8;68.4;13;985.7;1018;;;;1.7;16.8;6.1;60.5;115.3;188;;;;11259;49;100.5;11.6;8.4;0.4;45.7
LUG;01.06.1992 00:00;17.5;26.3;10.8;17.2;10;25.8;77.9;15.5;981.3;1013.4;;;;1.7;14.5;6.1;52.2;311.8;178;;;;8092;34;91.7;20;0;0;283.8
LUG;01.07.1992 00:00;21.4;30.6;13;21.1;12.7;30;73;18.7;984.7;1016.4;;;;1.7;18.6;6.1;67;172.9;211;;;;12462;53;117.3;103.9;0;0;109.1
LUG;01.08.1992 00:00;23.1;31.7;12.9;22.7;13.3;29.4;71.4;20;984.2;1015.8;;;;2;28.1;7.2;101.2;135.7;207;;;;15145;68;118.8;147.5;0;0;62.6
LUG;01.09.1992 00:00;16.9;24.4;9.5;16.5;9.5;22.6;76.4;14.7;987.6;1020;;;;1.8;18.5;6.5;66.6;221.5;147;;;;10941;54;71.4;3.7;0;0;178.1
LUG;01.10.1992 00:00;10.7;19.7;2.2;10.6;2.2;19;81;10.6;977.3;1010.1;;;;1.5;19.6;5.4;70.6;192.6;68;;;;5401;30;32.6;0;224.5;56.5;175.8
LUG;01.11.1992 00:00;8.7;17.4;2.8;7.9;1;15.4;71.5;8.2;986.3;1019.7;;;;1.4;17.9;5;64.4;20.8;60;;;;7371;53;24.5;0;337.9;97.9;7.9
LUG;01.12.1992 00:00;4.2;11.4;-2.9;3.9;-3.5;10.6;75.4;6.3;987.4;1021.4;;;;1.6;25.5;5.8;91.8;95.9;37;;;;4861;39;17.8;0;488.3;240.3;89.4
LUG;01.01.1993 00:00;3.8;16.4;-5;3.3;-4.7;14.2;74.4;6.1;994.5;1028.8;;;;1.4;27;5;97.2;3.4;50;;;;6144;46;19.7;0;501.4;253.4;-0.9
LUG;01.02.1993 00:00;4.4;13.9;-3.5;3.7;-4.1;12.2;57.6;4.8;992.3;1026.4;;;;2;28.5;7.2;102.6;46.9;95;;;;10057;67;35.3;0;437.9;213.9;21.1
LUG;01.03.1993 00:00;7.9;23.1;-0.7;7.5;-1.4;21.2;58.1;6.2;986.4;1019.8;;;;2.5;21.4;9;77;40;135;;;;12146;61;66.2;0;341.1;133.1;7.6
LUG;01.04.1993 00:00;11.4;20.6;4.2;11.2;3.4;23.5;72.2;9.5;980.7;1013.6;;;;1.9;19.7;6.8;70.9;136.6;144;;;;8876;42;67.7;0;176.2;40.2;98.5
LUG;01.05.1993 00:00;15.9;27.1;7.5;15.9;7.3;26.3;75.8;13.5;982.3;1014.6;;;;1.6;17;5.8;61.2;111.9;174;;;;9768;42;88.3;10;16.7;0.7;68.4
LUG;01.06.1993 00:00;19.8;28.5;11.1;19.9;10.6;27.4;68.5;15.5;983.2;1015.1;;;;2;22.3;7.2;80.3;263;216;;;;12928;55;118.1;50.8;0;0;185.3
LUG;01.07.1993 00:00;20.3;28.5;10.6;20.4;10.6;29.6;66.5;15.8;984.4;1016.3;;;;2.2;21.9;7.9;78.8;121.3;224;;;;14923;63;128.5;66.7;0;0;28
LUG;01.08.1993 00:00;22.2;31;12.1;22;12;31.4;65.5;17.3;984.7;1016.4;;;;2;19.2;7.2;69.1;39.9;209;;;;15301;68;121.9;122;0;0;-44.9
LUG;01.09.1993 00:00;16.4;23.6;7.6;16.1;7.4;23.5;76.9;14.2;981.6;1013.9;;;;1.9;25.6;6.8;92.2;359.6;119;;;;7513;37;64.1;5;17.5;1.5;324.6
LUG;01.10.1993 00:00;11.7;19.4;4.9;11.2;4.6;18.9;86.2;12;983.1;1016;;;;1.8;27.2;6.5;97.9;366.3;61;;;;5145;29;29.8;0;162;34;357.2
LUG;01.11.1993 00:00;6.7;14.6;-1.1;6.2;-2.1;15.6;74.5;7.6;986.3;1020;;;;1.6;24;5.8;86.4;67.4;49;;;;4724;34;23.4;0;398.6;158.6;58.3
LUG;01.12.1993 00:00;4.7;13.2;-1.1;3.7;-2.2;13.8;67.2;5.7;982.1;1015.8;;;;1.7;24.5;6.1;88.2;33.9;49;;;;7450;59;21;0;475.3;227.3;14.7
LUG;01.01.1994 00:00;4.6;16.3;-1.3;3.7;-2.3;16.1;71.7;6;983.7;1017.5;;;;1.6;26.1;5.8;94;241;54;;;;7140;53;22.9;0;478.9;230.9;245.7
LUG;01.02.1994 00:00;3.9;13.7;-3.5;3.4;-3.6;12.2;70.5;5.8;984.2;1018;;;;1.5;14;5.4;50.4;122.4;68;;;;5343;36;25.1;0;451.8;227.8;113.6
LUG;01.03.1994 00:00;11.1;24.5;3.1;10.4;2.1;25.4;61.8;7.9;986.8;1019.9;;;;1.8;26.2;6.5;94.3;20.4;147;;;;14247;71;68.4;0;205.5;37.5;-18.9
LUG;01.04.1994 00:00;11.1;23.1;1.8;10.7;0.8;25.4;62.3;8.2;978.2;1011;;;;2.2;19.2;7.9;69.1;116.3;158;;;;10125;47;79.4;0;224.9;48.9;63.6
LUG;01.05.1994 00:00;15.8;25.8;8.6;15.6;8.3;28.3;74.7;13.2;981.4;1013.7;;;;1.7;17.8;6.1;64.1;260.1;157;;;;9037;39;84.6;2.1;0;0;214
LUG;01.06.1994 00:00;19.7;30.7;10.1;19.8;10.1;30.7;66.6;15.3;985.2;1017.2;;;;2.1;28.6;7.6;103;66.7;215;;;;13229;56;118.9;58.1;0;0;-11.9
LUG;01.07.1994 00:00;24;31.6;16.3;24.2;15.9;32.3;65.9;19.5;984.4;1015.9;;;;1.9;17.6;6.8;63.4;32.7;248;;;;14477;61;145.3;177;0;0;-52.1
LUG;01.08.1994 00:00;23.1;33.3;15.8;22.8;15.2;36.6;63.2;17.6;982.6;1014.1;;;;1.9;29.3;6.8;105.5;137.9;214;;;;15067;67;126.8;148.1;0;0;46.6
LUG;01.09.1994 00:00;16.9;25.2;8.2;16.5;6.3;24.1;80.3;15.5;983.5;1015.8;;;;1.7;24.6;6.1;88.6;433.8;123;;;;7748;38;59.5;10.9;8.1;0.1;406.4
LUG;01.10.1994 00:00;12;22.9;4.9;11.5;4.2;22;78.3;11.1;985.7;1018.7;;;;1.4;11;5;39.6;88;104;;;;9490;53;39.6;0;156.8;28.8;66.3
LUG;01.11.1994 00:00;10;17.5;4.2;9.3;3;16.4;81.3;10.1;988;1021.3;;;;1.3;24.7;4.7;88.9;163;49;;;;4756;34;20.5;0;249.7;65.7;155.4
LUG;01.12.1994 00:00;5.5;18.8;-0.4;4.8;-1.7;18.3;73;6.6;989.5;1023.4;;;;1.5;18.9;5.4;68;20.2;46;;;;6144;49;17.4;0;449;201;12.7
LUG;01.01.1995 00:00;3.1;13.9;-4.2;2.1;-5.1;14.7;57.8;4.4;986;1020;;;;2.2;21.9;7.9;78.8;35.7;62;;;;8702;65;31.5;0;525.4;277.4;27.4
LUG;01.02.1995 00:00;6.3;21.1;0.7;5.5;-0.5;20.1;69.1;6.5;985.1;1018.8;;;;1.5;20.7;5.4;74.5;60.7;82;;;;7756;52;30.4;0;383.3;159.3;51.5
LUG;01.03.1995 00:00;7.2;20.6;-0.3;6.8;-1.2;25.1;52.7;5.3;982.3;1015.7;;;;2.6;29.2;9.4;105.1;24.1;152;;;;13083;65;69.6;0;388.7;148.7;-25.9
LUG;01.04.1995 00:00;12.3;24.5;2.9;11.8;1.8;26.2;63.6;8.8;982.1;1014.8;;;;2.4;25.3;8.6;91.1;176.8;169;;;;11738;55;84.8;0;123.4;19.4;118.5
LUG;01.05.1995 00:00;15.6;26.3;6.1;15.5;6.2;25.3;67.8;11.9;982.6;1015;;;;2.1;20.5;7.6;73.8;204;202;;;;12661;55;104.6;2.3;26.8;2.8;135.1
LUG;01.06.1995 00:00;17.8;30.8;10;17.9;9.9;29.8;71.5;14.5;982.2;1014.4;;;;1.9;17.1;6.8;61.6;102.5;213;;;;11263;48;107.9;38.7;0;0;42.8
LUG;01.07.1995 00:00;23.4;31.2;13;23.5;12.8;32.5;68.7;19.7;983.5;1015.1;;;;1.8;17.3;6.5;62.3;57.6;231;;;;15040;64;134.8;158.2;0;0;-23.7
LUG;01.08.1995 00:00;21;30.2;10.2;20.8;10.4;29.5;67;16.7;983.1;1014.9;;;;2.2;23.3;7.9;83.9;91.5;207;;;;13873;62;121;87;0;0;15
LUG;01.09.1995 00:00;15.2;23.7;5.8;14.6;5.6;21.9;75.6;12.9;981.7;1014.1;;;;1.7;16.3;6.1;58.7;446.8;130;;;;9156;45;61.2;0;17.4;1.4;410.1
LUG;01.10.1995 00:00;14.5;22.5;5.5;13.7;5.1;20.8;79;13.2;991.7;1024.5;;;;1.3;7.1;4.7;25.6;47.2;105;;;;11173;63;41.4;0.3;55.1;7.1;24.3
LUG;01.11.1995 00:00;8.5;22.4;-0.1;7.5;-0.9;18.8;64.8;7.2;985.8;1019.2;;;;2.2;27.2;7.9;97.9;94.6;65;;;;8225;59;37.8;0;332;108;71.4
LUG;01.12.1995 00:00;4.5;9.3;-0.7;3.9;-1.5;9;78.2;6.7;983.6;1017.3;;;;1.3;21.7;4.7;78.1;70.3;34;;;;4004;32;15.4;0;481.6;233.6;65.1
LUG;01.01.1996 00:00;4.4;11.8;-0.2;3.9;-1.2;10.4;82.1;7;984;1017.7;;;;1.1;9.6;4;34.6;209.5;36;;;;4098;30;14.3;0;482.1;234.1;207.6
LUG;01.02.1996 00:00;3.7;16.1;-2.4;3.3;-3.1;15.6;65.8;5.2;979.9;1013.6;;;;1.8;23.4;6.5;84.2;23;83;;;;7030;45;30.9;0;473.2;241.2;14.5
LUG;01.03.1996 00:00;7;16.8;-1.1;6.3;-1.7;16.3;61.4;6.3;981.8;1015.2;;;;2;23.1;7.2;83.2;14.1;120;;;;8595;43;53;0;404.2;156.2;-14.3
LUG;01.04.1996 00:00;12.4;22.6;3.4;11.9;2.8;23.6;61.7;8.8;982.2;1015;;;;1.8;18.4;6.5;66.2;61.5;164;;;;10836;51;79.4;0;68.2;20.2;4.9
LUG;01.05.1996 00:00;15.5;25.6;7.5;15.3;7.1;26.9;72.1;12.5;980.2;1012.5;;;;1.9;23.4;6.8;84.2;158.8;175;;;;10039;43;91;2.2;16.9;0.9;105.2
LUG;01.06.1996 00:00;20.7;33.4;11.2;20.5;11.1;31.7;63.4;15.3;985.7;1017.6;;;;2;23.7;7.2;85.3;184.7;241;;;;15524;66;131.6;84.2;0;0;90.8
LUG;01.07.1996 00:00;20.9;29.6;10.6;20.5;10.1;30.8;67.7;16.6;984.4;1016.2;;;;1.8;20;6.5;72;176.1;211;;;;13511;57;119.4;84.3;0;0;94.5
LUG;01.08.1996 00:00;20.1;28.9;11.9;19.8;11.3;29.8;74.3;17.2;983.1;1015;;;;1.6;18.1;5.8;65.2;321.4;196;;;;13272;59;102.7;61.3;0;0;260.8
LUG;01.09.1996 00:00;14.9;25.7;7.9;14.4;8;23.5;70.3;11.7;980.9;1013.3;;;;1.8;16.4;6.5;59;81.2;156;;;;12280;61;73.4;1.2;16.1;0.1;26.2
LUG;01.10.1996 00:00;12.6;20.3;5.8;12.1;3.9;17.9;77.8;11.4;985.4;1018.2;;;;1.4;18.9;5;68;177.9;80;;;;6395;36;37.6;0;80.8;8.8;158.7
LUG;01.11.1996 00:00;8.4;17.8;-0.2;7.4;-0.8;15.4;71.8;8.2;981.2;1014.4;;;;2;22.6;7.2;81.4;210.5;52;;;;5861;42;27.8;0;337.3;113.3;196.4
LUG;01.12.1996 00:00;4.5;12.8;-6.2;4.2;-6;11.3;78.1;6.8;981.5;1015.2;;;;1.2;25.8;4.3;92.9;101.8;36;;;;4145;33;15.2;0;481.5;233.5;87.5
LUG;01.01.1997 00:00;3.7;10.3;-1.5;3.2;-1.8;9.3;82.8;6.7;989.1;1023.1;;;;0.9;8.8;3.2;31.7;78.8;47;;;;6164;46;12.8;0;503.8;255.8;84.3
LUG;01.02.1997 00:00;6.3;14.5;-0.9;5.7;-1.3;14.1;61.8;5.8;991.6;1025.4;;;;1.6;23.4;5.8;84.2;0.7;93;;;;10123;68;34.9;0;383.6;159.6;-12
LUG;01.03.1997 00:00;11.1;24.1;3.5;10.5;2.6;26.7;50.9;6.4;988.9;1022;;;;2.5;25.8;9;92.9;1.6;161;;;;15811;79;84.5;0;219.6;43.6;-55.7
LUG;01.04.1997 00:00;11.8;23.2;3;11.4;2.9;23.8;47.1;6.3;983.1;1016;;;;2.8;22.6;10.1;81.4;96.8;218;;;;17908;84;107.7;0;166.8;30.8;-6.4
LUG;01.05.1997 00:00;15.9;29.3;5.4;15.7;5.6;31.2;67.2;11.9;983.1;1015.5;;;;1.9;29.7;6.8;106.9;88.9;203;;;;12707;55;105.9;5.1;20.4;4.4;17.8
LUG;01.06.1997 00:00;18.2;26.7;9.2;17.9;9.3;26.5;76.9;16;979.5;1011.5;;;;1.6;17;5.8;61.2;382.7;182;;;;9371;40;93.4;31.1;8.8;0.8;336.6
LUG;01.07.1997 00:00;20.6;30.4;11.2;20.3;10.9;30;65.2;15.4;983.6;1015.4;;;;2.1;25.7;7.6;92.5;138.8;238;;;;14905;63;136.8;80.8;0;0;40.7
LUG;01.08.1997 00:00;22;29;12.7;21.6;12.3;28.8;70.5;18.5;985;1016.7;;;;1.9;23.8;6.8;85.7;41.2;217;;;;15034;67;118.7;113.8;0;0;-28
LUG;01.09.1997 00:00;19.3;28;11.9;18.8;11.7;26.2;72.8;16.3;988;1020.1;;;;1.6;13.6;5.8;49;26.8;162;;;;12949;64;78.3;41.4;0;0;-19.8
LUG;01.10.1997 00:00;13.7;27.9;0.6;13.1;1.7;24.9;66.2;10.6;984.4;1017;;;;1.9;20;6.8;72;14.9;110;;;;10925;62;56.9;6.1;114.6;34.6;-22.9
LUG;01.11.1997 00:00;7.8;15.7;1.3;7.2;0.4;13.8;77.3;8.3;979.9;1013.1;;;;1.4;15.1;5;54.4;218.7;50;;;;5336;38;21;0;358.9;126.9;207.6
LUG;01.12.1997 00:00;5.3;16.1;-0.1;4.6;-1.1;15.2;69.1;6;982.7;1016.3;;;;1.8;25.2;6.5;90.7;137.2;41;;;;5196;41;24.4;0;457.1;209.1;123.5
LUG;01.01.1998 00:00;4;12.4;-1.9;3.3;-2.5;11.8;70.6;5.7;987.3;1021.3;;;;1.7;25.8;6.1;92.9;55.6;58;;;;7849;58;22.9;0;497.1;249.1;56.5
LUG;01.02.1998 00:00;6.7;19.4;-2.1;5.9;-2.6;18.2;62.8;6.2;992.5;1026.3;;;;1.4;18.2;5;65.5;26.2;103;;;;11445;77;32.5;0;366;150;14.4
LUG;01.03.1998 00:00;9;23.3;0.8;8.7;0.1;21.6;49.3;5.5;988;1021.4;;;;2.7;24.9;9.7;89.6;4.8;166;;;;15453;77;82.3;0;314.2;98.2;-49.6
LUG;01.04.1998 00:00;10.4;21;1.1;10.2;0.3;23;71;8.9;976.2;1009;;;;1.9;19.9;6.8;71.6;302;128;;;;7229;34;61.1;0;225.1;65.1;262
LUG;01.05.1998 00:00;16.2;27.3;8.8;16.2;8.4;26;68.3;12.2;982.4;1014.7;;;;1.9;21;6.8;75.6;172.6;211;;;;13327;57;107.3;9.1;9.4;1.4;106.3
LUG;01.06.1998 00:00;19.7;28.7;9.8;19.5;9.9;29.4;71.6;16.5;984.4;1016.3;;;;1.9;23.2;6.8;83.5;231.1;233;;;;14266;61;120.3;58.4;0;0;159.4
LUG;01.07.1998 00:00;22.4;31.3;14.2;22;13.5;30.7;67.8;18.3;981.2;1012.8;;;;1.9;19.9;6.8;71.6;142.9;234;;;;15727;67;132.2;127;0;0;52.1
LUG;01.08.1998 00:00;22.1;32;11.9;21.6;12.3;30.2;68.7;18.2;984;1015.7;;;;1.9;18.1;6.8;65.2;112.2;209;;;;15790;70;117.6;118.7;0;0;32.9
LUG;01.09.1998 00:00;16.7;24.7;8.5;16.4;8.7;24.7;73.8;14.1;981;1013.2;;;;1.7;17.4;6.1;62.6;249.9;132;;;;9686;48;65.9;6.7;0;0;201.4
LUG;01.10.1998 00:00;12.3;18.6;6.2;11.6;4;17.3;74;10.6;983.6;1016.5;;;;1.7;19.9;6.1;71.6;171.9;92;;;;9069;51;43.2;0;97.7;9.7;152.8
LUG;01.11.1998 00:00;6.1;16.6;-2.9;5.1;-5.2;15.2;59.8;5.7;984.5;1018.1;;;;2;21.7;7.2;78.1;4.1;66;;;;8438;61;32.9;0;417.4;177.4;-19.1
LUG;01.12.1998 00:00;3.6;16.1;-2.4;2.7;-3.7;12.4;62.6;5;989.7;1023.8;;;;1.7;27.9;6.1;100.4;34.6;45;;;;6579;52;22.9;0;507.7;259.7;9.2
LUG;01.01.1999 00:00;3.9;11.7;-2;3.2;-2.7;11;71.9;5.8;985.8;1019.7;;;;1.7;23.1;6.1;83.2;62.1;60;;;;8974;67;20.5;0;500.1;252.1;70.6
LUG;01.02.1999 00:00;4.2;17.3;-3.8;3.6;-4.4;17.1;50.4;4.2;981.7;1015.4;;;;2.7;23.8;9.7;85.7;0.5;103;;;;10735;72;43.6;0;443.4;219.4;-14.6
LUG;01.03.1999 00:00;8.4;19.7;0.4;8.1;-0.3;21.4;66.5;7.2;981;1014.2;;;;1.9;21.3;6.8;76.7;112.7;121;;;;10684;53;56.1;0;352.5;112.5;80.3
LUG;01.04.1999 00:00;12;21.5;3.9;11.8;3.7;21.4;65.5;8.9;981.3;1014.1;;;;2.1;19.6;7.6;70.6;123;155;;;;9939;47;76.2;0;137.2;25.2;77.9
LUG;01.05.1999 00:00;17.1;26.1;9.7;16.8;9.2;24.9;76.5;14.7;983.8;1016.1;;;;1.5;14.5;5.4;52.2;156.7;173;;;;9467;41;89.6;15.8;0;0;116.5
LUG;01.06.1999 00:00;19.1;28.7;11.1;18.5;10.9;26.8;68.7;15;984.5;1016.5;;;;2.1;24.8;7.6;89.3;190.5;218;;;;12922;55;117;33.6;0;0;117.1
LUG;01.07.1999 00:00;22.3;30.2;15.2;21.6;14.7;29.4;66.3;17.6;983.1;1014.7;;;;2.1;19.7;7.6;70.9;133.9;225;;;;15261;65;135.8;123.6;0;0;39.9
LUG;01.08.1999 00:00;21.1;27.4;13.9;20.8;14.2;26.6;79.3;19.7;982.1;1013.8;;;;1.6;18.3;5.8;65.9;300.6;174;;;;11014;49;92.9;85.5;0;0;259.2
LUG;01.09.1999 00:00;18.5;26.7;10.9;18.1;10.9;25.3;78.7;16.7;983.1;1015.2;;;;1.8;22.8;6.5;82.1;233.3;124;;;;9083;45;65.3;28.7;0;0;202.8
LUG;01.10.1999 00:00;13;21.2;5.7;12.5;5.9;19.3;80.3;12.1;986.1;1018.9;;;;1.5;17.7;5.4;63.7;235;82;;;;7958;45;39.4;0;66.8;18.8;212.1
LUG;01.11.1999 00:00;7.5;18;-0.2;6.5;-1.7;18.4;66.1;7.1;987.2;1020.8;;;;2;25.8;7.2;92.9;97;55;;;;6971;50;32.6;0;326.4;142.4;79.4
LUG;01.12.1999 00:00;3.5;11.8;-3.2;2.6;-3.8;12;60.4;4.7;983.3;1017.2;;;;1.9;26.4;6.8;95;53.2;43;;;;6057;48;25.9;0;510.7;262.7;42.4
LUG;01.01.2000 00:00;3.5;18;-4.7;2.5;-5.1;17.4;61.7;4.7;990.5;1024.6;;;;1.9;24.6;6.8;88.6;0;65;;;;9380;70;29.2;0;507.5;267.5;-7.1
LUG;01.02.2000 00:00;6.2;17.7;0;5.4;-1.1;17.8;60.5;5.6;990.5;1024.3;;;;1.7;18.4;6.1;66.2;12.7;92;;;;9430;61;36.6;0;400.9;168.9;-1
LUG;01.03.2000 00:00;9.5;25.2;1.6;9;0.5;26.1;56.2;6.4;985.4;1018.6;;;;2.4;29.4;8.6;105.8;79;142;;;;13074;65;74;0.1;297.2;89.2;36.8
LUG;01.04.2000 00:00;11.5;24.5;4.4;11.2;3.8;26;74.6;10;978;1010.8;;;;1.6;19.4;5.8;69.8;260.2;127;;;;6782;32;61.3;0;190.7;46.7;230.8
LUG;01.05.2000 00:00;17.2;26;11.1;17;10.3;26;73.7;14.2;984.3;1016.6;;;;1.6;15.1;5.8;54.4;250.7;182;;;;10549;46;95.9;8;0;0;200.2
LUG;01.06.2000 00:00;21.1;30.7;13.4;20.8;13.4;28.1;63.6;15.6;986.7;1018.6;;;;1.8;18.9;6.5;68;74.9;238;;;;16951;72;130.4;83.6;0;0;-27.8
LUG;01.07.2000 00:00;20.4;29;10;20.1;10.1;29;64;15.2;980.8;1012.5;;;;2;36;7.2;129.6;368;215;;;;16060;68;124.3;71.7;0;0;265.6
LUG;01.08.2000 00:00;21.6;31.5;14.3;21.1;13.9;29.3;71.7;18.3;985.5;1017.3;;;;1.6;21.4;5.8;77;89.4;191;;;;15162;68;106.1;106.1;0;0;18.5
LUG;01.09.2000 00:00;18.2;26.3;11;17.7;11.2;24.4;70.6;14.6;983.2;1015.3;;;;1.8;21.3;6.5;76.7;211.1;157;;;;13489;67;78.5;16.6;0;0;154.5
LUG;01.10.2000 00:00;13.3;19.6;8.3;12.8;7.8;18.9;82.7;12.6;984.7;1017.4;;;;1.6;20.4;5.8;73.4;331.2;67;;;;5856;33;34.9;0;41.5;1.5;315.2
LUG;01.11.2000 00:00;7.5;14.9;2.9;6.9;1.9;13.6;82;8.5;980.6;1013.9;;;;1.4;20.7;5;74.5;368.2;43;;;;4627;33;17.8;0;376.1;136.1;359.5
LUG;01.12.2000 00:00;5.6;11.7;-2;4.8;-3.1;9.9;78.4;7.3;983.8;1017.5;;;;1.1;15;4;54;103.9;37;;;;5354;43;14.8;0;446.7;198.7;98.3
LUG;01.01.2001 00:00;3.6;11.6;-2.3;3.1;-2.8;10.8;75.2;6;984.2;1018.1;;;;1.2;18.5;4.3;66.6;127.9;42;;;;4877;36;18.1;0;506.9;258.9;124.5
LUG;01.02.2001 00:00;6.3;19.6;-1;5.4;-1.9;18.2;62.2;5.8;985.3;1018.9;;;;1.9;20.7;6.8;74.5;86.5;88;;;;9546;64;37.6;0;377.9;161.9;74.2
LUG;01.03.2001 00:00;9;21.1;-0.5;8.6;-1.3;20.4;74.5;8.4;976.9;1009.9;;;;1.5;20.9;5.4;75.2;202.8;103;;;;7892;39;47.2;0;319.3;95.3;181.5
LUG;01.04.2001 00:00;11.4;20.9;3.1;10.8;2.6;21;56.2;7.3;980.1;1012.9;;;;2.7;21.3;9.7;76.7;73.7;174;;;;11942;56;90.3;0;184.5;32.5;4.9
LUG;01.05.2001 00:00;17.3;31;10.1;16.9;9.5;28.3;72.6;14;983.4;1015.6;;;;1.6;19.8;5.8;71.3;103.6;199;;;;13363;58;103.9;26.8;0;0;40.8
LUG;01.06.2001 00:00;19.4;29.9;9.4;19.1;9.8;28.3;60.1;13.5;983.2;1015.2;;;;2.2;19.9;7.9;71.6;243.5;247;;;;17075;73;135.3;50.8;0;0;127.4
LUG;01.07.2001 00:00;21.7;30.1;13.4;21.3;13.4;28.4;68.9;17.6;982.8;1014.5;;;;1.8;29.6;6.5;106.6;229.8;230;;;;15794;67;130.5;105.2;0;0;141.8
LUG;01.08.2001 00:00;22.3;30.5;13.5;21.8;13.5;29.5;71.8;19.2;984.4;1016.1;;;;1.8;21.3;6.5;76.7;245.5;211;;;;16771;75;117.6;125.2;0;0;169.5
LUG;01.09.2001 00:00;15.7;25.2;7.5;15.1;7.6;24.1;65;11.4;981.7;1014;;;;2.1;21.6;7.6;77.8;69;153;;;;12759;63;80.9;1.4;8;0;2.2
LUG;01.10.2001 00:00;15.1;21.4;8.1;14.5;7.7;20.2;81.2;14.1;989.3;1022;;;;1.2;13.5;4.3;48.6;98.5;98;;;;10335;58;39.4;0;24.9;0.9;79.1
LUG;01.11.2001 00:00;7.9;19.8;1.6;7;0.5;17.5;64.7;6.9;986.5;1019.9;;;;2.1;23.2;7.6;83.5;17.5;70;;;;9541;69;32.9;0;349.1;125.1;-3.1
LUG;01.12.2001 00:00;3;18.2;-4.4;1.9;-6;15.6;54.9;4.2;987.9;1022;;;;2.1;31.4;7.6;113;0.8;62;;;;10826;86;27.4;0;527.6;279.6;-15.3
LUG;01.01.2002 00:00;2.3;9;-3.8;1.1;-4.6;8;61.7;4.6;994.2;1028.6;;;;1.2;8.5;4.3;30.6;19.1;63;;;;9420;70;17.4;0;547.3;299.3;11.5
LUG;01.02.2002 00:00;6.3;15;0.6;5.2;-0.3;12.8;67.5;6.3;985.6;1019.2;;;;1.5;26.2;5.4;94.3;112.8;92;;;;9264;62;30.8;0;384.8;160.8;102
LUG;01.03.2002 00:00;10.2;26.7;3.1;9.3;2;26;59.1;7.1;985.4;1018.5;;;;2;23.7;7.2;85.3;66.3;145;;;;12977;65;69.4;0;287.3;71.3;19.3
LUG;01.04.2002 00:00;12.1;24.2;5.6;11.8;4.7;24.1;64.2;8.7;981.4;1014.1;;;;1.8;19.8;6.5;71.3;65.5;159;;;;9865;46;77.3;0;157.7;29.7;13.4
LUG;01.05.2002 00:00;15.6;25.1;6.7;15.1;5.5;31.1;73.3;12.8;982.4;1014.7;;;;1.6;23;5.8;82.8;426.4;173;;;;10307;44;88.7;4.9;39.5;7.5;375.6
LUG;01.06.2002 00:00;21.8;31.6;12.4;21.6;11.3;33.4;68.9;18;984.3;1016;;;;1.7;23.1;6.1;83.2;140.7;237;;;;14513;62;126.8;114.3;0;0;62.5
LUG;01.07.2002 00:00;21.3;29;13.9;21.1;12.5;33.3;70.2;17.6;982.4;1014.1;;;;1.7;23.4;6.1;84.2;230.6;212;;;;13747;58;119.7;94.9;0;0;153.3
LUG;01.08.2002 00:00;20.9;29.6;13.5;20.2;11.9;32.4;72.5;17.7;982.2;1014;;;;1.6;16.2;5.8;58.3;210.2;193;;;;12888;57;105.9;84.5;0;0;146.4
LUG;01.09.2002 00:00;17.1;25.7;8.8;16.4;7.7;26.1;71.6;14.2;983.9;1016.2;;;;1.7;18.3;6.1;65.9;187.1;147;;;;10659;53;70.5;9;0;0;146.4
LUG;01.10.2002 00:00;13.5;20.1;5.7;12.5;4.4;18.6;70.4;11.1;983.3;1015.9;;;;1.4;19.8;5;71.3;65.7;100;;;;9501;54;45;0;66;10;36.6
LUG;01.11.2002 00:00;10.3;18.1;3.2;9;2.5;18.6;73.2;9.2;979.9;1012.8;;;;1.8;27.5;6.5;99;535.8;43;;;;4526;33;28.9;0;262.6;54.6;521.7
LUG;01.12.2002 00:00;6.1;11.7;0;5.1;-0.5;15.6;75.9;7.3;984.9;1018.5;;;;1.1;9;4;32.4;45.2;36;;;;3877;31;14.2;0;430.6;182.6;40
LUG;01.01.2003 00:00;4.1;18.2;-2.5;3;-3.3;17.2;62.1;5.1;982.2;1016;;;;1.8;22.1;6.1;79.6;44.7;64;;;;8564;64;26.2;0;494.3;246.3;38.5
LUG;01.02.2003 00:00;2.8;12.4;-3.2;1.9;-3.6;10.7;53.9;4;988.1;1022.2;;;;1.8;19;6.1;68.4;10.1;105;;;;10798;72;32.9;0;481.8;257.8;-4
LUG;01.03.2003 00:00;9.7;21;1.9;8.8;1.3;18.6;56.5;6.7;989.8;1023.1;;;;1.8;21;6.8;75.6;2.6;162;;;;14423;72;67.6;0;277.6;77.6;-44.4
LUG;01.04.2003 00:00;12;22.6;-0.4;11.6;-1.6;24.6;60.5;8.6;983.5;1016.4;;;;2.1;24;7.6;86.4;72.4;170;;;;10338;48;81.3;0;154;42;-7.8
LUG;01.05.2003 00:00;18.6;27.7;9.9;18.3;8.5;28.4;59.1;12.7;985.8;1017.9;;;;1.8;21.2;5.8;76.3;131.2;229;;;;13975;60;123.6;31.2;0;0;71.9
LUG;01.06.2003 00:00;24.8;33.1;16.6;24.8;15.4;34.4;61.8;19.1;984;1015.3;;;;1.7;19.5;5;70.2;126.1;263;;;;17832;76;151.2;195.5;0;0;19.6
LUG;01.07.2003 00:00;23.9;31.7;15;23.8;13.8;33.7;61.3;18.1;983.3;1014.8;;;;1.8;27.8;6.1;100.1;203.9;237;;;;16613;70;141.8;172.9;0;0;95.2
LUG;01.08.2003 00:00;25.1;35.9;16;24.9;15.6;34.1;60.2;19;984.5;1015.8;;;;1.8;19.4;5.4;69.8;72.8;219;;;;17549;78;135.9;211;0;0;-31.9
LUG;01.09.2003 00:00;18.2;27.5;11.1;17.1;10.1;27.4;60.9;12.4;988;1020.3;;;;1.9;17.8;6.1;64.1;44.1;159;;;;13486;67;86.7;18.9;0;0;-25.8
LUG;01.10.2003 00:00;11.8;26.2;1;11;0.9;22.7;66.9;9.5;981.6;1014.4;;;;1.7;22.2;6.1;79.9;120.8;95;;;;9041;51;47.5;0;190.8;54.8;77.2
LUG;01.11.2003 00:00;8.5;14.9;2.8;7.6;2.3;15;79.2;8.9;987.4;1020.8;;;;1.1;17.7;4.3;63.7;179.4;48;;;;5510;40;18.9;0;344.1;104.1;180.4
LUG;01.12.2003 00:00;4.9;16.5;-2.8;4;-3.4;14.5;66.6;5.9;987.6;1021.5;;;;1.7;24.5;5.4;88.2;158.7;42;;;;6285;50;23.7;0;468.4;220.4;149.2
LUG;01.01.2004 00:00;3.5;14.8;-2;2.9;-3;15;68.6;5.3;979.7;1013.5;;;;1.6;19.5;5.8;70.2;14;56;;;;6961;52;22.4;0;511.8;263.8;9
LUG;01.02.2004 00:00;4.6;16.8;-2.1;4;-3.2;17.2;64.2;5.4;985.8;1019.7;;;;1.9;23.3;6.8;83.9;98.3;82;;;;7968;51;35.5;0;445.7;213.7;88.9
LUG;01.03.2004 00:00;7.6;20.8;-1.2;7;-2.6;23.7;64.4;6.6;987.6;1021.1;;;;2;17.8;7.2;64.1;41.8;125;;;;9539;48;57.5;0;375.8;135.8;13
LUG;01.04.2004 00:00;11.5;25.9;2.7;10.9;1.5;33.1;68.2;9;980.8;1013.6;;;;1.8;20.3;6.5;73.1;204.2;158;;;;10116;47;73.3;0;182.7;38.7;148.2
LUG;01.05.2004 00:00;14.5;26.1;4.3;14.6;3.9;31.9;69.5;11.2;981.4;1013.9;;;;1.9;19.7;6.8;70.9;173.1;211;;;;13022;56;102.2;2.2;68.7;12.7;113.1
LUG;01.06.2004 00:00;20.9;30.7;11.6;20.9;10.9;37.6;60.1;14.6;984.2;1016;;;;2.1;17.3;7.6;62.3;17.3;253;;;;15246;65;140.7;84.4;0;0;-82.3
LUG;01.07.2004 00:00;22;32.4;13.2;21.7;11.7;39.1;64.2;16.9;984.1;1015.8;;;;1.8;15.5;6.5;55.8;106.1;234;;;;15031;64;132.1;116.7;0;0;9.6
LUG;01.08.2004 00:00;21.3;30.4;14.1;21;13;35.8;70.9;17.8;982.9;1014.6;;;;1.8;20.2;6.5;72.7;205.5;194;;;;13036;58;109.1;93.9;0;0;136.6
LUG;01.09.2004 00:00;18.8;28.4;9.5;18.3;8.6;33.8;68.5;14.9;987.6;1019.8;;;;1.7;21.1;6.1;76;57;159;;;;12786;63;80.1;36.1;0;0;5.9
LUG;01.10.2004 00:00;14.1;22.1;5.1;13.8;4.3;26.8;85.4;13.9;983.9;1016.5;;;;1.2;13.4;4.3;48.2;226.3;64;;;;3887;22;31.4;0;85.9;13.9;206.1
LUG;01.11.2004 00:00;8.2;17.4;1.4;7.3;-0.9;21.9;67.2;7.6;986.1;1019.5;;;;1.9;30.2;6.8;108.7;174;63;;;;7444;54;32;0;316.4;124.4;161
LUG;01.12.2004 00:00;4.4;10.3;-2.3;3.4;-4.8;16;72.5;6.1;987.4;1021.3;;;;1.4;19.8;5;71.3;55.3;48;;;;7038;56;16.5;0;482.2;234.2;51.6
LUG;01.01.2005 00:00;3.5;14.3;-4.6;2.6;-6;17.2;59.3;4.6;988.9;1023;;;;2.3;19.8;8.3;71.3;5.3;70;;;;10842;80;31.1;0;510.4;262.4;-2.9
LUG;01.02.2005 00:00;3.6;14.3;-3.3;3;-3.3;17.7;54.7;4.2;982.7;1016.5;;;;2.5;25.9;9;93.2;7;94;;;;8798;59;39.7;0;457.8;233.8;-4.6
LUG;01.03.2005 00:00;8.3;27.3;-5.3;7.5;-7.2;33.3;60.4;6.8;984.1;1017.4;;;;2;17.7;7.2;63.7;74.4;139;;;;11940;60;60.8;0;333;125;35.2
LUG;01.04.2005 00:00;11.4;23.5;5.2;11;2.4;30.1;70.3;9.3;982.7;1015.6;;;;1.8;18.8;6.5;67.7;139.4;156;;;;10005;47;71.9;0;223;39;98.6
LUG;01.05.2005 00:00;17.2;28.8;8.8;17;7.7;35.8;63.6;12.2;984.1;1016.3;;;1016.9;1.9;17.7;6.8;63.7;86.6;217;;;;14229;61;116.3;25.5;0;0;5.4
LUG;01.06.2005 00:00;21.4;32.6;10.3;21.6;9.3;38.9;65.2;16.6;985.4;1017.2;;;1018.2;1.8;25.9;6.5;93.2;60.8;251;;;;16548;70;135.2;102;0;0;-36.6
LUG;01.07.2005 00:00;22.9;31.4;11.5;23.1;11.1;37.5;60.5;16.6;982.8;1014.4;;;1015.6;2.1;21.1;7.6;76;90.4;236;;;;15209;64;144.8;142.7;0;0;-15.7
LUG;01.08.2005 00:00;20.9;28.8;14.6;20.3;13.3;39;63.3;15.3;983.4;1015.2;;;1016.2;2.1;22;7.6;79.2;115.3;203;;;;14307;64;120.8;81.5;0;0;23.5
LUG;01.09.2005 00:00;18.4;28.8;12.2;18;11.3;32.2;77.4;16.4;986.3;1018.5;;;1019.2;1.5;16.1;5.4;58;191.9;145;;;;10635;53;68.5;24;0;0;158.6
LUG;01.10.2005 00:00;13.1;19.9;8.4;12.6;7.5;23.8;83;12.4;990.3;1023.3;;;1023.3;1.2;14.6;4.3;52.6;72.3;77;;;;6805;38;33.2;0;42.6;2.6;58.2
LUG;01.11.2005 00:00;7.7;17;-1.6;7.1;-3.2;20.4;72.5;8.1;985.8;1019.2;;;1018.7;1.6;18;5.8;64.8;31;59;;;;7720;56;24.7;0;333.2;133.2;15.8
LUG;01.12.2005 00:00;2.4;12;-5.5;1.4;-6.8;13;68.5;5;984.3;1018.4;;;1017.1;1.6;21.8;5.8;78.5;77.8;48;;;;7335;59;18.2;0;545.3;297.3;68.3
LUG;01.01.2006 00:00;2.2;12.3;-3.4;0.9;-4.4;14.4;69;4.9;991.1;1025.5;;;1024.2;1.3;16.4;4.7;59;60;59;;;;8318;62;17.9;0;553.3;305.3;54.1
LUG;01.02.2006 00:00;3.6;10.7;-2.4;2.3;-3.8;13.7;71.6;5.7;981.3;1015.1;;;1014;1.3;13.9;4.7;50;92.1;80;;;;7296;49;23;0;458.7;234.7;84.9
LUG;01.03.2006 00:00;7.1;19.4;-1.1;6.6;-2.2;24;60.1;6.2;979.5;1012.8;;;1012.2;2.1;26.7;7.6;96.1;40.3;139;;;;12130;61;58;0;393.5;153.5;4.4
LUG;01.04.2006 00:00;12.4;21.9;4.8;11.7;2.6;27.5;65.8;9.4;981.6;1014.3;;;1014.3;2;24.6;7.2;88.6;98.9;178;;;;11871;56;81.9;0;128.3;24.3;45.9
LUG;01.05.2006 00:00;16.7;28.2;9.1;16.8;7.2;37.3;66.9;12.6;984.6;1016.9;;;1017.4;1.8;17.7;6.5;63.7;91.1;198;;;;11212;48;103.3;8.8;0;0;29.8
LUG;01.06.2006 00:00;21.5;31;11.5;22.1;8.8;39.7;55.2;14.4;987.1;1018.9;;;1020;2.2;22.7;7.9;81.7;93.4;248;;;;15706;67;145.6;101.5;0;0;-15.4
LUG;01.07.2006 00:00;24.3;34.4;16.4;23.8;15.7;39;64.1;19;986.9;1018.4;;;1019.8;1.7;25.9;6.1;93.2;104.7;250;;;;17614;75;149.1;184.8;0;0;-1.7
LUG;01.08.2006 00:00;19.9;29.9;11;19.1;9.3;35;63.6;14.5;979.9;1011.7;;;1012.6;2.2;23.5;7.9;84.6;275.2;203;;;;13843;62;118;57.5;0;0;191.5
LUG;01.09.2006 00:00;19.1;28.9;12.2;18.3;10.8;34.5;75.8;16.6;985.3;1017.4;;;1018.2;1.3;12.9;4.7;46.4;169.4;147;;;;12111;60;71;35.8;0;0;125.3
LUG;01.10.2006 00:00;14.8;22.9;9.1;14.6;8;27.7;79.7;13.4;982.8;1017.9;;;1018.2;1.2;21.9;4.3;78.8;67.6;98;;;;9130;52;39.3;0.9;8.6;0.6;47
LUG;01.11.2006 00:00;9.7;20.2;1.9;9;0.7;19.2;70.6;8.6;985.3;1021.6;;;1021.2;1.4;22.6;5;81.4;46.7;65;;;;7070;52;28.1;0;285.6;69.6;28.3
LUG;01.12.2006 00:00;5.4;11.9;-1.1;4.5;-2.9;12.5;77.1;7.1;990.7;1027.7;;;1026.8;1.1;14.1;4;50.8;158.9;51;;;;7464;60;11.9;0;452.4;204.4;151.5
LUG;01.01.2007 00:00;6.3;23.1;-2;5.5;-3.1;24.1;72;6.8;984.8;1021.5;;;1020.7;1.4;19.3;5;69.5;60.6;60;;;;7544;57;21.8;0;408.6;176.6;55.8
LUG;01.02.2007 00:00;7.1;19.5;1.3;6.5;-0.6;20.5;70.6;7;978.2;1014.5;;;1013.8;1.3;17.2;4.7;61.9;17.9;87;;;;7258;49;29.1;0;361.2;137.2;10
LUG;01.03.2007 00:00;9.9;18.9;3.6;9.7;0.8;22.6;58.2;6.9;978.5;1014.5;;;1014.2;2.3;22.2;8.3;79.9;43.8;149;;;;11354;57;69.1;0;290.8;66.8;5.2
LUG;01.04.2007 00:00;15.6;25.8;7.2;16.7;5.6;33.1;66.2;11.5;982.7;1018;;;1018.5;1.7;16.2;6.1;58.3;8.6;223;;;;15151;70;97.3;2.8;47.5;7.5;-48.1
LUG;01.05.2007 00:00;17.6;29;9.4;18.3;8.7;36.2;63.9;12.6;976.2;1011.1;;;1011.8;1.7;17.3;6.1;62.3;170;222;;;;12402;53;115.2;30.9;16.4;0.4;65
LUG;01.06.2007 00:00;19.9;28.8;11.1;20.6;11.3;36;75.1;17.2;977.8;1012.4;;;1013.4;1.5;27.3;5.4;98.3;224.4;243;;;;11232;48;118.8;58.1;0;0;196.6
LUG;01.07.2007 00:00;22.6;31.8;12.6;23.6;12.3;40.3;55.3;15;978.8;1013.1;;;1014.4;1.7;21.7;6.1;78.1;75.5;288;;;;18232;77;158.5;135;0;0;-58
LUG;01.08.2007 00:00;20.6;29.9;11.3;21.7;11.6;39.5;71.7;17;978.8;1013.3;;;1014.4;1.4;25.4;5;91.4;306.7;211;;;;12780;56;109.4;83.5;0;0;240
LUG;01.09.2007 00:00;17.1;27.8;8.7;17.7;8.8;35.9;65;12.4;981.9;1017.1;;;1017.7;1.9;23.3;6.8;83.9;123.1;187;;;;14003;69;89.4;17.9;28.9;4.9;53.3
LUG;01.10.2007 00:00;13.5;22.8;4;13.1;3.1;25.3;72.9;11.5;984.6;1020.3;;;1020.5;1.4;20.5;5;73.8;15.5;125;;;;11599;66;49;0;88.9;16.9;-15.8
LUG;01.11.2007 00:00;7.9;19.1;-1;6.7;-3.5;21;60.8;6.5;981.7;1018.1;;;1017.5;1.8;22.1;6.5;79.6;89.3;75;;;;8938;66;32.8;0;348.9;124.9;65.3
LUG;01.12.2007 00:00;4.3;13.7;-2.6;3.1;-4.1;15.9;65.1;5.4;986.8;1023.8;;;1022.7;1.4;20.3;5;73.1;7.8;60;;;;8532;69;17.6;0;485.4;237.4;-3.6
LUG;01.01.2008 00:00;4.5;21;-1.3;3.9;-3.2;21;78.4;6.5;986.8;1023.8;;;1022.7;1.1;25.2;4;90.7;136;59;;;;6963;52;17.4;0;479.2;231.2;132.3
LUG;01.02.2008 00:00;5.7;16.2;-2.2;5.2;-3.6;17.5;71.8;6.6;991.1;1028.1;;;1027.2;1.2;16.3;4.3;58.7;36.6;106;;;;10202;66;27.1;0;415.8;183.8;28.1
LUG;01.03.2008 00:00;9.1;24.9;0.4;9.2;-1.6;27.2;54.3;6.2;971.7;1007.6;;;1007.1;2.4;19.8;8.6;71.3;78.9;167;;;;12648;63;75.3;0;311.3;95.3;34.2
LUG;01.04.2008 00:00;11.4;23.4;3.9;11.9;3.1;30.4;66;8.5;975.1;1010.7;;;1010.6;1.9;18.5;6.8;66.6;223.1;169;;;;9327;43;77.6;0;194.1;42.1;174.2
LUG;01.05.2008 00:00;16;25.5;7.5;16.8;7.6;31.6;75.9;13.6;979.4;1014.6;;;1015.1;1.3;14.5;4.7;52.2;267.3;209;;;;10156;44;96;3.1;0;0;219.7
LUG;01.06.2008 00:00;19.9;31.7;12.4;20.5;12.3;38.4;77.2;17.7;979.7;1014.4;;;1015.4;1.2;17.1;4.3;61.6;182;234;;;;11206;48;115.6;69.6;0;0;115.3
LUG;01.07.2008 00:00;21.4;28.9;12.9;22.1;12.9;41.6;69.4;17.4;979.2;1013.8;;;1014.9;1.6;19.8;5.8;71.3;359;254;;;;14719;62;133.8;96.5;0;0;285.7
LUG;01.08.2008 00:00;21.8;30.4;15.1;23.4;14.6;42.1;69.3;17.9;978.9;1013.4;;;1014.6;1.4;21.4;5;77;110;232;;;;15106;67;118.8;107.6;0;0;29.3
LUG;01.09.2008 00:00;16.6;26;8.4;16.9;8;32.2;75.8;14.5;980.7;1015.8;;;1016.4;1.5;14.9;5.4;53.6;188.7;156;;;;10043;50;66;18.7;0;0;157.5
LUG;01.10.2008 00:00;13.5;22.5;6.1;13.4;5.5;26.7;78.6;12.2;982.8;1018.5;;;1018.7;1.3;24.2;4.7;87.1;201.1;102;;;;8819;50;40.9;0;48.4;8.4;175.2
LUG;01.11.2008 00:00;7.9;18.8;-0.3;7.3;-1.9;19.9;79.1;8.7;980.1;1016.4;;;1015.8;1.3;21.1;4.7;76;246.1;57;;;;5014;37;19.5;0;341.1;125.1;219.4
LUG;01.12.2008 00:00;4;19.5;-4;3.1;-4.6;19.4;79.5;6.4;981.4;1018.3;;;1017.2;1.2;19.3;4.3;69.5;159.8;42;;;;5115;41;13.8;0;496.9;248.9;173.3
LUG;01.01.2009 00:00;2.6;8.2;-2.6;1.9;-3.8;11.4;79.2;5.8;978.1;1015;;;1013.8;0.9;17.3;3.2;62.3;48.7;53;;;;5642;42;11.9;0;539.3;291.3;46.6
LUG;01.02.2009 00:00;4.9;14.6;-1.7;4.3;-3.5;16.9;61.1;5.2;976.5;1013.1;;;1012.1;2.1;19.2;7.6;69.1;155.2;106;;;;9536;64;39.2;0;421.6;197.6;141.6
LUG;01.03.2009 00:00;9;22.2;0.7;8.9;-1.6;26.5;57.5;6.3;976.5;1012.5;;;1012.1;2.2;25;7.9;90;109.9;155;;;;12076;60;70.7;0;327.2;95.2;57.1
LUG;01.04.2009 00:00;12.6;25.2;5.9;13.6;5.4;34.2;72.9;10.3;978.7;1014.3;;;1014.4;1.4;16.8;5;60.5;257.3;175;;;;9510;44;74.2;0;123.8;19.8;225.1
LUG;01.05.2009 00:00;18.7;30.9;8.3;20.1;7.1;39.8;61.8;13.1;982.5;1017.4;;;1018.3;1.7;19.8;6.1;71.3;67;260;;;;15208;65;133.4;40.7;0;0;-19.9
LUG;01.06.2009 00:00;20.6;29;11.4;21.4;11.5;37.2;63.7;15.1;978;1012.6;;;1013.7;2;21.4;7.2;77;107.5;274;;;;14786;64;144.5;76.5;0;0;17.1
LUG;01.07.2009 00:00;22.2;30.1;11.1;23.1;11.1;39.9;65.9;17.5;980.3;1014.7;;;1016;1.5;20.8;5.4;74.9;396.8;279;;;;16565;70;145.2;121.2;0;0;298.9
LUG;01.08.2009 00:00;23.1;31.2;14.6;24.2;14.3;40.3;69.7;19.5;981.6;1016;;;1017.4;1.3;15.8;4.7;56.9;75.8;241;;;;16558;73;125.2;148.1;0;0;-2.2
LUG;01.09.2009 00:00;18.8;27.8;12.4;19.4;11.9;36;75;16.1;983.1;1018.1;;;1019;1.3;19.9;4.7;71.6;121.4;176;;;;13299;66;78;26.9;0;0;73.7
LUG;01.10.2009 00:00;13.2;23;3.6;12.9;2.8;28.4;68.9;10.8;981;1016.6;;;1016.8;1.6;22.2;5.8;79.9;61.4;118;;;;11034;63;51.2;1.5;144.4;24.4;26.4
LUG;01.11.2009 00:00;8.8;16.1;2.8;8.4;1.4;18.3;82.2;9.4;978.8;1015;;;1014.5;1;12.8;3.6;46.1;151.1;56;;;;5520;40;17.1;0;334.6;94.6;131.2
LUG;01.12.2009 00:00;3.5;14.9;-5.2;2.4;-6.6;15.1;69.5;5.5;973.4;1010.1;;;1009;1.4;15;5;54;127.6;48;;;;5248;42;16.8;0;510.1;262.1;129.9
LUG;01.01.2010 00:00;2.1;12.1;-2.7;1.4;-4.1;13.7;72.2;5.1;976.8;1013.7;;;1012.4;1.4;22.5;5;81;34.3;53;;;;4862;37;18.4;0;555.6;307.6;31
LUG;01.02.2010 00:00;4.1;12.3;-2.5;3.7;-4.9;15.1;72.1;6;970.8;1007.3;;;1006.3;1.3;18.4;4.7;66.2;92.3;88;;;;6598;44;23.4;0;444.7;220.7;86
LUG;01.03.2010 00:00;7.4;18.6;-1;7.4;-2.9;23.5;67.9;7.1;980.9;1017.4;;;1016.7;1.8;20;6.5;72;109.1;130;;;;8796;44;51.1;0;383.2;143.2;83.5
LUG;01.04.2010 00:00;11.9;23.5;2.7;12.6;0.8;30;66.3;9.2;981.6;1017.4;;;1017.3;1.8;17.3;6.5;62.3;65.4;200;;;;12498;58;84.7;0;163;43;11.8
LUG;01.05.2010 00:00;15;25.5;6.4;15.7;6.4;33.5;70.1;11.5;976;1011.2;;;1011.6;2.1;21.2;7.6;76.3;344.9;202;;;;10486;45;107.9;5.4;53.3;5.3;278.2
LUG;01.06.2010 00:00;20.2;28.8;12.4;20.9;10.8;35.6;69.2;16.3;977.5;1012.1;;;1013.1;1.7;18.4;6.1;66.2;122.3;248;;;;11930;51;128.6;67.1;0;0;50.7
LUG;01.07.2010 00:00;24.4;31.8;15;25;14.5;39.1;61.1;18.6;980.3;1014.5;;;1016;1.8;27.1;6.5;97.6;160.8;291;;;;17868;76;165.3;188.8;0;0;46
LUG;01.08.2010 00:00;21;29.4;11.8;22;11.4;39.2;70;17.3;979;1013.6;;;1014.7;1.6;18.4;5.8;66.2;191.3;221;;;;13940;62;116.9;91.4;0;0;117.1
LUG;01.09.2010 00:00;17.1;24.8;7.9;17.7;7.2;35.6;72.3;14;979.1;1014.1;;;1014.8;1.4;18.7;5;67.3;190.7;175;;;;12708;63;75.3;9.7;0;0;140.6
LUG;01.10.2010 00:00;11.8;21.4;3.4;11.6;2.3;25.8;77.3;10.9;979.6;1015.4;;;1015.3;1.2;17;4.3;61.2;193.6;94;;;;7487;42;36.1;0;178.6;42.6;145.5
LUG;01.11.2010 00:00;7.8;16.3;-0.4;7.3;-2.9;19.8;81;8.9;972.9;1009;;;1008.4;1.2;15.8;4.3;56.9;211.4;49;;;;4339;32;19.2;0;365.1;125.1;228.6
LUG;01.12.2010 00:00;2.6;13;-5;1.7;-7.9;16;68.3;5;976.1;1013;;;1011.7;1.8;26.6;6.5;95.8;138.1;43;;;;5425;44;23.2;0;538.4;290.4;133.2
LUG;01.01.2011 00:00;3.2;12.5;-2.6;2.5;-4.7;17.7;75.3;5.8;983.7;1020.7;;;1019.5;1;16.6;3.6;59.8;44;59;;;;7121;54;15.6;0;522.2;274.2;39.9
LUG;01.02.2011 00:00;5.4;13;0;5.2;-2.6;23.9;72.9;6.5;981.4;1018.1;;;1017.2;1;17.1;3.6;61.6;44.6;97;;;;8856;60;22.4;0;408.7;184.7;36.8
LUG;01.03.2011 00:00;8.6;20.3;-0.2;9;-2;37.2;72.6;8;985.2;1021.6;;;1021.1;1.6;15.8;5.8;56.9;88.7;141;;;;10690;53;54.5;0;339.5;107.5;61.4
LUG;01.04.2011 00:00;15.4;31.6;8.7;16.6;7.1;40;57.6;9.7;981.2;1016.6;;;1017;2;24.4;7.2;87.8;23.9;226;;;;15299;71;107.9;9.5;16.5;0.5;-50.3
LUG;01.05.2011 00:00;18.5;28.9;9.6;20.1;8.4;39.1;59.8;12.6;982.3;1017.2;;;1018.1;1.7;19.6;6.1;70.6;106.8;267;;;;15929;68;133.6;31.1;0;0;-2.1
LUG;01.06.2011 00:00;19.6;30.5;12.3;20.4;11.3;42.5;75.9;17;980.3;1015.1;;;1016.1;1.4;20.3;5;73.1;185.9;219;;;;10789;46;109.9;52.8;0;0;144
LUG;01.07.2011 00:00;20.8;29.6;12.8;21.5;12.4;43.8;69.2;16.8;976.4;1010.9;;;1012;1.6;29.5;5.8;106.2;261.3;238;;;;13806;59;126.3;79.4;0;0;175.3
LUG;01.08.2011 00:00;23;32.7;14.4;24.8;14;41.7;65.7;18.4;980.1;1014.4;;;1015.8;1.4;18.8;5;67.7;70.3;236;;;;16844;74;126.6;146.9;0;0;-18
LUG;01.09.2011 00:00;20.3;28.3;11.6;20.9;10.8;34.6;72.5;17.3;982;1016.7;;;1017.7;1.5;19.8;5.4;71.3;82.5;174;;;;13723;68;84;64.1;0;0;34.7
LUG;01.10.2011 00:00;13.5;25.8;4.5;13.5;1.8;32.5;69.2;10.7;985.4;1021.1;;;1021.3;1.6;18.2;5.8;65.5;52.5;127;;;;12157;69;53.7;6.9;154.1;26.1;14.7
LUG;01.11.2011 00:00;8.3;15.6;2.4;7.5;-0.1;20.2;81;9.1;987.6;1024.1;;;1023.6;1;12;3.6;43.2;205.2;68;;;;8001;59;15.6;0;335.4;111.4;194.7
LUG;01.12.2011 00:00;5.9;16.4;-0.4;4.2;-4.2;20.7;63.2;5.8;982.3;1019;;;1018.1;1.4;20.4;5;73.4;13.6;53;;;;6949;56;20.3;0;438;190;3.3
LUG;01.01.2012 00:00;4.5;17.7;-1.9;3;-5;20.1;64.5;5.3;984.7;1021.7;;;1020.6;1.6;22.9;5.8;82.4;55.4;69;;;;8471;64;23.7;0;481.5;233.5;48.8
LUG;01.02.2012 00:00;2.6;22.9;-8.5;2.2;-11.5;23.9;64.1;4.8;983.9;1021;;;1019.7;1.8;27;6.5;97.2;5.6;109;;;;9637;62;32.5;0;489;273;-6.1
LUG;01.03.2012 00:00;11.3;25.5;2.7;11;-0.6;31;61.3;7.8;987.6;1023.7;;;1023.6;1.9;23.8;6.8;85.7;70.8;169;;;;14253;71;74.9;1.1;211;51;26
LUG;01.04.2012 00:00;10.8;25.3;2.5;11.5;-0.8;33.8;75.6;9.7;972;1007.6;;;1007.5;1.7;21.4;6.1;77;293.7;157;;;;7472;35;66.5;0;229.1;53.1;261.2
LUG;01.05.2012 00:00;16.2;28.8;7.6;17.2;3.9;38.7;69.3;12.6;979.8;1015;;;1015.5;1.7;21.2;6.1;76.3;163.9;247;;;;13522;58;116.8;17.1;8.4;0.4;95.8
LUG;01.06.2012 00:00;21.3;31.9;10.9;22.5;8.1;37.4;70.3;17.7;979;1013.5;;;1014.7;1.4;15.4;5;55.4;185.5;253;;;;13716;59;128.4;98.1;0;0;112.4
LUG;01.07.2012 00:00;23;30.9;14.4;24;10.6;42.2;64.3;17.9;979;1013.3;;;1014.7;1.6;17.2;5.8;61.9;78.5;269;;;;15745;67;147.5;144.8;0;0;-19.7
LUG;01.08.2012 00:00;23.8;33.4;13.1;24.9;11.3;43.9;64.4;18.8;981.1;1015.4;;;1016.9;1.6;28;5.8;100.8;82.2;237;;;;15621;69;131.2;171.9;0;0;-8.5
LUG;01.09.2012 00:00;18.5;27.3;11.9;18.6;8.3;37.8;70;14.8;980.6;1015.5;;;1016.3;1.8;30.6;6.5;110.2;83.9;157;;;;10867;54;78.6;25.6;0;0;37.7
LUG;01.10.2012 00:00;13.7;22.4;2.1;13.6;-0.9;34.3;79.1;12.7;978.4;1013.9;;;1014.1;1.4;25.3;5;91.1;114.5;103;;;;7911;45;40.4;0;78.7;22.7;93.1
LUG;01.11.2012 00:00;9.4;18.7;2.8;9;0.2;30.8;78.5;9.3;979.5;1015.5;;;1015.2;1.2;17.2;4.3;61.9;234.6;65;;;;6502;48;19.8;0;310.7;78.7;229.7
LUG;01.12.2012 00:00;3.7;14.5;-2.3;2.2;-5.7;16.8;67.2;5.3;980.2;1017;;;1015.9;1.5;19.7;5.4;70.9;43.1;54;237;;;7073;57;18.4;0;505.5;257.5;32
LUG;01.01.2013 00:00;4.8;22.3;-1.2;3.8;-3.6;24;69.8;5.8;976.9;1013.5;;;1012.5;1.5;21.9;5.4;78.8;38.3;61;252;;;7037;53;22.4;0;462.3;230.3;33.5
LUG;01.02.2013 00:00;3.7;11.4;-2.4;3.3;-5.1;17.7;63.9;5;975.8;1012.5;;;1011.4;2;21.6;7.2;77.8;36.4;99;241;;;7784;52;31.8;0;456.7;232.7;27.6
LUG;01.03.2013 00:00;6.3;16.9;-0.4;6.3;-4.3;24.1;74.6;7.1;971.9;1008.1;;;1007.3;1.8;25.7;6.5;92.5;118.4;118;273;;;7909;40;46.2;0;424.7;176.7;94.9
LUG;01.04.2013 00:00;11.6;22.6;3.4;12.5;0.1;33;78.6;10.7;979.2;1014.9;;;1014.9;1.7;19.6;6.1;70.6;289.4;162;324;;;9013;42;66.5;0;174.5;46.5;256.3
LUG;01.05.2013 00:00;14.4;24.1;6.6;15;5.2;34.2;70.7;11.3;975.3;1010.6;;;1010.9;1.8;19.8;6.5;71.3;301.7;197;334;;;9005;39;97.4;0;36.6;4.6;252.3
LUG;01.06.2013 00:00;20.2;31;11.3;21;8.7;39.3;63.4;15;980.4;1015.1;;;1016.2;2;21.7;7.2;78.1;63.6;282;351;;;15058;65;145.9;69.7;0;0;-30.8
LUG;01.07.2013 00:00;23.7;32.5;14.3;24.6;11;43.9;66;19.1;982.6;1017;;;1018.4;1.5;21.6;5.4;77.8;139.4;283;377;;;17329;73;152.2;166.8;0;0;40.9
LUG;01.08.2013 00:00;22.7;32.4;14.4;23.3;12.3;43.7;64.8;17.5;981.4;1015.8;;;1017.2;1.7;20.5;6.1;73.8;74.3;245;367;;;16523;73;133.2;137.5;0;0;-18
LUG;01.09.2013 00:00;18.8;27.5;10;18.8;6.8;38.9;69.8;15.1;979.9;1014.8;;;1015.6;1.4;13.8;5;49.7;123.2;179;348;;;12970;64;81.8;36.5;0;0;65.6
LUG;01.10.2013 00:00;13.8;20.7;5.5;13.3;3.3;29.3;85.9;13.6;983.9;1019.5;;;1019.7;1.1;25.9;4;93.2;214.6;65;354;;;3292;19;30;0;46.6;6.6;205.4
LUG;01.11.2013 00:00;8.7;16.8;-0.7;7.9;-4;24.7;71.9;8.4;978.3;1014.4;;;1014;1.8;23.1;6.5;83.2;115.8;61;304;;;5919;43;29.3;0;278.4;102.4;101.3
LUG;01.12.2013 00:00;5.3;17;-0.3;4;-3.6;20;72.6;6.4;988.1;1025;;;1024;1.2;18.8;4.3;67.7;198.2;54;275;;;8035;65;15.2;0;456.3;208.3;187.6
LUG;01.01.2014 00:00;4.8;14.9;-0.7;3.9;-3.4;18;81.5;6.9;977.4;1014;;;1013;1.1;17.1;4;61.6;222.7;50;294;;;5218;39;15.6;0;472.2;224.2;219.9
LUG;01.02.2014 00:00;5.8;14.4;1;5.4;-0.8;19.4;83.3;7.6;977.5;1014;;;1013.2;1.1;14.1;4;50.8;277.4;70;302;;;4944;33;21;0;398.5;174.5;249.2
LUG;01.03.2014 00:00;10.5;24.9;0.6;10.6;0;30.1;63.1;7.7;980.2;1016.2;;;1015.9;1.9;18.8;6.8;67.7;86.1;163;292;;;13113;65;67.2;0;240.6;64.6;71.8
LUG;01.04.2014 00:00;13.5;23.2;4.4;14.7;2.9;34.8;67.3;10.1;977.4;1012.9;;;1013.1;2;19.2;7.2;69.1;107.8;200;316;;;11906;55;89.6;0;73.9;9.9;54.3
LUG;01.05.2014 00:00;16.1;26.4;8.1;17.9;5.9;37.6;62.6;11.3;979.2;1014.3;;;1014.9;2.2;22.3;7.9;80.3;135.5;245;327;;;12994;56;123.8;1.2;8.7;0.7;58.8
LUG;01.06.2014 00:00;20.3;31.4;11.9;22.1;10.5;43.5;70.4;16.4;980.3;1015;;;1016;1.7;21;6.1;75.6;161.4;264;361;;;13514;58;131.2;68.2;0;0;88.4
LUG;01.07.2014 00:00;20.4;29.3;11.9;22;9.6;40.8;77.1;18.3;978.4;1013;;;1014.1;1.6;15.8;5.8;56.9;361.3;222;372;;;11160;47;115.4;72.3;0;0;307.3
LUG;01.08.2014 00:00;19.8;29;12.5;21.1;10.8;38.2;79.2;18.2;978.8;1013.5;;;1014.5;1.5;17.4;5.4;62.6;259.2;194;370;;;10407;46;96.6;48.5;0;0;215.2
LUG;01.09.2014 00:00;18.3;25.9;10.1;18.6;7.4;39.1;73.9;15.5;981.7;1016.6;;;1017.4;1.6;20.7;5.8;74.5;23.8;173;349;;;12025;59;80.2;19.3;0;0;-22.6
LUG;01.10.2014 00:00;15.1;22.6;6.5;15;3.9;29.5;80;14;983.4;1018.8;;;1019.2;1.6;24.6;5.8;88.6;157.1;98;343;;;7624;43;44.6;0;46.3;6.3;138.3
LUG;01.11.2014 00:00;10;17.2;3.9;9.5;0.8;23.9;88.9;11;979;1014.9;;;1014.6;1.3;18.8;4.7;67.7;586.7;47;329;;;4072;30;17;0;278.2;62.2;562.5
LUG;01.12.2014 00:00;6.9;13.1;-1.7;5.8;-4.1;18.7;73.3;7.5;983;1019.5;;;1018.8;1.6;20.7;5.8;74.5;50.6;48;289;;;5518;45;20.4;0;407.2;159.2;62.3
LUG;01.01.2015 00:00;5.1;15.5;-1.4;3.8;-3.7;18.1;66;5.7;981.7;1018.4;;;1017.4;1.8;21.5;6.5;77.4;130.7;64;271;;;7601;57;26;0;462;214;124.5
LUG;01.02.2015 00:00;4.9;13.9;-0.8;4.3;-3.5;18.4;69.6;5.9;978.9;1015.5;;;1014.6;1.6;26.2;5.8;94.3;116.8;87;280;;;7132;48;30.2;0;422.1;198.1;108.6
LUG;01.03.2015 00:00;9.4;24.7;2.1;9.3;-1.3;31;63.1;7.3;983.1;1019.3;;;1018.9;2.1;24.3;7.6;87.5;30;141;296;;;10351;52;64.4;0;301.9;85.9;-2.8
LUG;01.04.2015 00:00;13.3;26;3;14.1;0.1;33.8;57.3;8.6;983.2;1018.9;;;1019;2.4;20.6;8.6;74.2;114.1;223;305;;;14588;68;102.3;1.6;76.3;12.3;39.6
LUG;01.05.2015 00:00;17;26.3;8.5;18.4;7.4;38.4;71.1;13.5;979.6;1014.6;;;1015.3;2;21.3;7.2;76.7;213.2;227;344;;;12159;52;114.3;10.9;8.1;0.1;150.3
LUG;01.06.2015 00:00;21.2;29.9;13.1;23;11.6;41.5;69;17.1;982.2;1016.8;;;1018;1.6;18.9;5.8;68;84.8;277;364;;;15172;65;139.8;89.9;0;0;2.8
LUG;01.07.2015 00:00;25.8;33.9;17.3;27.6;13.5;45.5;61.6;20.4;979.8;1013.8;;;1015.6;1.6;20.5;5.8;73.8;63.2;284;390;;;17728;75;163.8;233;0;0;-51.1
LUG;01.08.2015 00:00;22.4;32.8;14.2;23.2;12.1;45.1;70.9;18.9;981.2;1015.6;;;1017;1.5;25.7;5.4;92.5;110.5;219;378;;;14364;63;116.7;126.4;0;0;41.3
LUG;01.09.2015 00:00;17.4;25.7;9.6;18.1;8.9;40.1;71.4;14.2;981.1;1016.1;;;1016.8;1.7;23.8;6.1;85.7;191.6;147;354;;;9314;46;71;11.6;0;0;150.8
LUG;01.10.2015 00:00;12.8;21.4;6;13.1;3.8;32.9;82.2;12.2;981.9;1017.6;;;1017.7;1.2;10.3;4.3;37.1;176.7;111;327;;;9758;55;37.3;0;117.1;13.1;158
LUG;01.11.2015 00:00;9.5;17.8;0.1;8.6;-2.8;24.4;70.6;8.7;985.1;1021.3;;;1020.9;1.4;21.8;5;78.5;0.2;90;286;;;10764;79;24.2;0;261.6;77.6;-17.8
LUG;01.12.2015 00:00;6.2;13.8;1.1;4.9;-1.9;18;75.4;7.2;995;1032;;;1031.1;1.1;15.3;4;55.1;0.6;62;277;;;9159;74;10.5;0;428.8;180.8;-8.4
LUG;01.01.2016 00:00;4.1;12;-2.6;3.1;-5.2;17.1;68.9;5.8;981;1017.8;;;1016.7;1.4;17.3;5;62.3;29.9;63;271;;;7641;57;20.4;0;492.2;244.2;24.8
LUG;01.02.2016 00:00;6.5;14.2;0.2;6;-1.8;20.6;74.5;7.1;977.9;1014.3;;;1013.5;1.4;23;5;82.8;146.2;76;295;;;6020;39;29;0;392.2;160.2;139.7
LUG;01.03.2016 00:00;8.7;17.3;-0.2;8.5;-4.2;26.7;64.6;7.2;976.9;1013;;;1012.6;1.9;20.7;6.8;74.5;108.9;163;289;;;12425;62;62.9;0;334.5;102.5;74.4
LUG;01.04.2016 00:00;13.4;23.6;5.4;14.1;1.1;32.7;66.7;10.1;976.9;1012.4;;;1012.5;2;22;7.2;79.2;71;185;326;;;9407;44;84.4;0;44.2;4.2;17.4
LUG;01.05.2016 00:00;15.5;25.7;7;16.8;5.3;41.6;68.5;11.7;977.8;1013;;;1013.5;1.8;18.7;6.5;67.3;267.7;209;334;;;11121;48;106.3;4.2;10.2;2.2;206.3
LUG;01.06.2016 00:00;19.8;30.4;11.6;21.4;10.5;41.3;72.9;16.5;978.7;1013.4;;;1014.4;1.8;22.9;6.5;82.4;226.8;260;362;;;12479;54;128.9;57.8;0;0;164.2
LUG;01.07.2016 00:00;23;31.6;13.9;25;11.4;44.5;68.3;19.1;981.3;1015.6;;;1017;1.8;21.8;6.5;78.5;225.6;274;373;;;16422;70;150.4;146.8;0;0;130.2
LUG;01.08.2016 00:00;22.1;29.2;14.3;23.4;11.2;40.7;68.8;18.2;983.3;1017.9;;;1019.2;1.8;26.6;6.5;95.8;211.5;246;367;;;16617;73;129.7;118.4;0;0;127.9
LUG;01.09.2016 00:00;20.3;30.6;12.8;20.6;10.1;41.2;71.1;16.6;983.1;1017.9;;;1018.9;1.6;15.8;5.8;56.9;89.6;188;358;;;14030;69;90.7;67.2;0;0;34.9
LUG;01.10.2016 00:00;12.3;23;4.2;12.5;2;32.7;81.1;11.6;984.1;1019.9;;;1019.9;1.3;18.6;4.7;67;126.8;103;324;;;8639;49;38;0;125.1;21.1;106.1
LUG;01.11.2016 00:00;8.6;16;0.2;7.9;-2.8;27.5;77.8;8.8;981.5;1017.8;;;1017.3;1.3;16.1;4.7;58;175.1;54;310;;;4523;33;21.2;0;335.7;103.7;164.8
LUG;01.12.2016 00:00;5.6;18.4;-0.3;4;-3.4;21;71.1;6.4;992.9;1030;;;1029;1.3;19.2;4.7;69.1;1.4;61;269;;;8930;72;16.1;0;442.5;202.5;-8.7
LUG;01.01.2017 00:00;2.2;11.9;-3.7;0.9;-7;16.6;59.2;4.2;985.6;1022.9;;;1021.5;1.9;23.4;6.8;84.2;7.1;73;247;;;9297;70;24.3;0;551.7;303.7;-0.8
LUG;01.02.2017 00:00;6.2;14.2;0.8;5.9;-1.1;20.1;77.9;7.3;983.7;1020.3;;;1019.5;1.3;21.1;4.7;76;99.8;80;295;;;5879;40;25.5;0;387;163;93.7
LUG;01.03.2017 00:00;11;24.7;3.6;10.8;0.1;31.8;65.3;8.4;981.8;1017.7;;;1017.6;1.9;22;6.8;79.2;71.4;153;302;;;12447;62;65.5;0;229.8;45.8;36.4
LUG;01.04.2017 00:00;13.3;24.1;3.3;13.5;-1.9;36.2;59.9;9;980.9;1016.5;;;1016.6;2.3;21.8;8.3;78.5;129;220;304;;;15252;71;97.8;0;95;15;53.4
LUG;01.05.2017 00:00;17.1;30.6;3.9;18.4;2;39.1;68.8;13.1;981.1;1016.2;;;1016.9;1.6;18.5;5.8;66.6;119.6;250;340;;;14714;63;122.1;40.2;49.7;9.7;44.9
LUG;01.06.2017 00:00;22.3;32.4;10.9;23.9;9;45.4;67.8;18;979.7;1014.1;;;1015.4;1.9;23.1;6.8;83.2;493.3;282;372;;;16238;70;147.7;126.8;0;0;402.9
LUG;01.07.2017 00:00;23.2;31.9;12.3;24.5;10.6;44.7;62.3;17.6;980.1;1014.4;;;1015.8;1.7;19.7;6.1;70.9;55.9;285;370;;;17142;73;157.9;153.7;0;0;-51.6
LUG;01.08.2017 00:00;23;33;12.9;24.1;12.5;45.9;66.8;18.7;981.9;1016.3;;;1017.6;1.5;20.4;5.4;73.4;164.4;228;377;;;14925;66;124.3;149.8;0;0;43.5
LUG;01.09.2017 00:00;16.7;25.6;8.6;16.8;5.6;40;70;13.2;980.1;1015.3;;;1015.9;1.8;18.3;6.5;65.9;141.3;164;343;;;11297;56;75.9;7.6;0;0;134.2
LUG;01.10.2017 00:00;14.4;23.9;8.4;13.5;3.8;34.2;66.8;10.9;985.2;1020.8;;;1021.1;1.7;23.3;6.1;83.9;4.5;135;309;;;13528;77;57.7;0;8.4;0.4;-33.7
LUG;01.11.2017 00:00;8.2;16.4;0.8;6.9;-2.8;24;66.2;7.3;980.6;1016.9;;;1016.4;1.9;23.9;6.8;86;99.9;69;288;;;7135;52;30.2;0;354.9;114.9;82.9
LUG;01.12.2017 00:00;3.3;10.3;-1.5;1.4;-5.1;16;67.4;5.2;981.9;1018.9;;;1017.6;1.5;17.2;5.4;61.9;123.2;54;264;;;7087;57;17.3;0;517.2;269.2;110.7
LUG;01.01.2018 00:00;5.6;13.9;0.1;4.8;-2.8;18.3;80.1;7.3;982.4;1019.1;;;1018.2;1.2;18.9;4.3;68;76.4;57;293;;;6201;47;16.5;0;446.5;198.5;74.2
LUG;01.02.2018 00:00;3.8;11.4;-6.1;3.6;-7.7;18.1;67.3;5.5;977.1;1013.8;;;1012.7;1.7;20.3;6.1;73.1;14.1;93;275;;;7350;49;27.4;0;454.4;230.4;5.8
LUG;01.03.2018 00:00;7.1;17;-3.3;7;-3.4;27.6;73.9;7.3;969.9;1006;;;1005.4;1.7;22.2;6.1;79.9;140.6;116;302;;;7398;37;46.9;0;401.4;153.4;117.6
LUG;01.04.2018 00:00;14.1;25.7;5.4;14.7;1.6;38.2;69.3;11;980.3;1015.8;;;1016.1;1.7;26.9;6.1;96.8;158.7;190;329;;;11684;54;85.6;1.7;100.7;20.7;109
LUG;01.05.2018 00:00;16.8;27.3;9.6;18.4;8.6;39.6;79.6;15.1;979.4;1014.5;;;1015.1;1.5;21.8;5.4;78.5;251.4;211;355;;;10030;43;100.9;11.6;8.2;0.2;215
LUG;01.06.2018 00:00;21.7;30.5;14;23.7;11.8;45.7;66.2;16.9;979;1013.5;;;1014.7;1.7;20.3;6.1;73.1;56.5;294;361;;;16892;73;148.1;102.3;0;0;-39.5
LUG;01.07.2018 00:00;23.9;32.6;15.9;25.6;14;49;65.2;19;979.1;1013.2;;;1014.7;1.9;15.6;6.8;56.2;96.9;293;376;;;18432;78;161.7;173.8;0;0;-9.7
LUG;01.08.2018 00:00;23.3;32.8;14;24.8;11.2;46.9;69.5;19.7;981.1;1015.4;;;1016.9;1.7;26.2;6.1;94.3;201.8;244;378;;;17088;76;132.2;155.5;0;0;118.9
LUG;01.09.2018 00:00;19.8;28.1;10;20.4;9.7;41.8;72.7;16.9;984.6;1019.5;;;1020.5;1.5;19.4;5.4;69.8;32.7;192;354;;;14913;74;88.2;60;0;0;-16.9
LUG;01.10.2018 00:00;15.3;28.9;7.7;15;5.7;36;75.8;13.1;982.2;1017.5;;;1017.9;1.8;35.7;6.5;128.5;240.3;108;338;;;10029;57;50.1;1.5;19.3;3.3;189
LUG;01.11.2018 00:00;9.7;16.3;2.1;9.3;0.1;20.6;84.1;10.4;983;1019.1;;;1018.8;1.2;18;4.3;64.8;193.9;43;329;;;2567;19;19.1;0;244.8;76.8;213.1
LUG;01.12.2018 00:00;5.5;18.4;-1.6;4.3;-3.8;25;65.4;5.8;985.5;1022.4;;;1021.4;1.7;25.5;6.1;91.8;8.9;63;267;;;7691;62;22.2;0;450.2;202.2;-2
LUG;01.01.2019 00:00;5.1;15.6;-2.1;4;-4.1;21.5;52.2;4.4;977.2;1013.8;;;1012.8;2.5;22.1;9;79.6;6.9;74;255;;;8925;67;39.9;0;455.8;215.8;-3.5
LUG;01.02.2019 00:00;6.4;23;-0.1;6.1;-2.1;30.7;63.8;5.9;987.2;1023.9;;;1023.1;1.5;20.1;5.4;72.4;50.2;119;267;;;11052;74;35.2;0;373.8;157.8;
LUG;01.03.2019 00:00;10;21.7;2.8;9.9;-0.7;31.9;54.4;6.4;983.6;1019.7;;;1019.4;2.1;27.3;7.6;98.3;52.6;182;277;;;15700;78;76.9;0;260.5;68.5;
LUG;01.04.2019 00:00;12.3;23.7;5.1;12.7;2.1;38.5;68.7;9.5;977.9;1013.5;;;1013.6;2.2;25;7.9;90;170.2;171;322;;;9424;44;79.2;0;142.3;22.3;
LUG;01.05.2019 00:00;14.5;25.9;6.2;15.3;3.5;36.4;65.8;10.7;976.9;1012.2;;;1012.5;2.4;24.2;8.6;87.1;74.7;224;328;;;12459;53;114.2;0.6;34.2;2.2;
LUG;01.06.2019 00:00;22.6;34.8;13.6;23.9;12.2;45.8;66.6;18.1;981.3;1015.7;;;1017;1.4;17.4;5;62.6;120.1;284;373;;;16525;71;146;128.3;0;0;
LUG;01.07.2019 00:00;24.5;33.7;13.5;25.9;14.1;45.1;63.1;19.2;978.5;1012.6;;;1014.2;1.8;23.4;6.5;84.2;56.9;278;382;;;17207;73;160;192.4;0;0;
LUG;01.08.2019 00:00;22.4;29.6;15.2;23.3;13;45.2;74.2;19.9;981.6;1016;;;1017.4;1.4;23.5;5;84.6;282.5;215;378;;;13714;61;113.2;126.4;0;0;
LUG;01.09.2019 00:00;18.9;28.1;10.9;19.6;9.3;43.5;73.2;16;982.9;1017.8;;;1018.7;1.4;20.3;5;73.1;64.5;174;356;;;12178;60;78.5;37.4;0;0;
LUG;01.10.2019 00:00;14.9;22.4;8.6;14.9;6.8;34.5;81.7;13.8;982.3;1017.7;;;1018.1;1.5;22.5;5.4;81;235.9;106;338;;;9377;53;42.8;0;0;0;
LUG;01.11.2019 00:00;8.3;15.5;2.5;7.7;-0.4;25.5;86.2;9.5;972.4;1008.4;;;1007.9;1.2;16.2;4.3;58.3;361.6;46;318;;;3938;29;17.3;0;341.9;109.9;
LUG;01.12.2019 00:00;6.3;16.7;0.3;4.7;-3.2;21.2;76.4;7.3;981.4;1018;;;1017.1;1.3;19.8;4.7;71.3;199.1;48;290;;;6778;55;15.8;0;425.3;177.3;191.8
LUG;01.01.2020 00:00;5;15.6;-0.5;3.5;-3.1;19.5;66.9;5.8;990.6;1027.7;;;1026.6;1.2;19;4.3;68.4;5.6;76;262;;;10372;78;17.1;0;466.5;218.5;-1.2
LUG;01.02.2020 00:00;7.8;20.2;0.7;6.8;-2.5;25.3;57.3;6;984.3;1020.8;;;1020.2;2;25.1;7.2;90.4;0.9;113;275;;;10898;71;43.5;0;347.1;123.1;-13.4
LUG;01.03.2020 00:00;8.6;18.5;0;8.3;-2.7;29.8;66.4;7.4;981.1;1017.3;;;1016.8;1.8;17;6.5;61.2;93.7;137;298;;;9687;48;56.2;0;337.9;105.9;66.1
LUG;01.04.2020 00:00;13.4;23.1;1.2;13;-2.4;33.7;62.3;9.4;981.9;1017.5;;;1017.7;1.8;17.8;6.5;64.1;100.8;224;309;;;15264;71;94;0;72.2;16.2;31.6
LUG;01.05.2020 00:00;17.6;29.2;8.3;18.4;6.8;39.6;68;13.3;981.5;1016.6;;;1017.3;1.8;19.6;6.5;70.6;220;258;340;;;14622;63;124.2;14.1;0;0;144.9
LUG;01.06.2020 00:00;19.7;31.1;10.6;20.4;9;38.1;71.9;16.1;977.3;1012;;;1013;1.7;19.4;6.1;69.8;293.7;256;362;;;13028;56;129.4;66.1;0;0;221.4
LUG;01.07.2020 00:00;23.1;32.6;15.3;24;13.4;42.3;66.7;18.7;980.7;1015;;;1016.4;1.8;20.2;6.5;72.7;47.4;287;373;;;17571;74;154.4;149.1;0;0;-50.2
LUG;01.08.2020 00:00;23.1;33.3;13.1;23.4;11.7;43.2;67.4;18.9;978.5;1012.8;;;1014.2;2;20.4;7.2;73.4;200.3;234;377;;;15433;68;131.1;150.6;0;0;118.8
LUG;01.09.2020 00:00;18.9;28;6.7;19.1;4.3;41.5;74.4;16.5;981.3;1016.1;;;1017;1.5;23.4;5.4;84.2;125;180;353;;;13542;67;81.3;50.5;8.7;0.7;79.4
LUG;01.10.2020 00:00;12.3;21.2;5.7;12.1;2.4;28.4;77.5;11;979.4;1015.1;;;1015.2;1.8;26.4;6.5;95;287.8;99;323;;;8009;45;41.6;0;130.7;18.7;265.8
LUG;01.11.2020 00:00;9.5;17.7;1.9;8.4;-2.1;26.8;74.7;9;989.5;1025.9;;;1025.5;1.5;23.1;5.4;83.2;2.8;81;295;;;9716;71;23.3;0;275.8;83.8;-12.6
LUG;01.12.2020 00:00;4.9;10.1;-1.5;3.9;-4.8;15.9;82.5;7.2;976;1012.5;;;1011.6;1.4;18.9;5;68;164;31;305;;;2247;18;15.2;0;466.9;218.9;161.1
LUG;01.01.2021 00:00;3.5;14.4;-3;2.5;-5.2;18.6;72.4;5.6;976.2;1012.9;;;1011.8;1.4;20;5;72;111.9;63;273;;;6789;51;18.6;0;511;263;107.2
LUG;01.02.2021 00:00;7;18.4;-3.2;6.8;-5.3;25;72.2;7.3;984.8;1021.4;;;1020.7;1.3;13.3;4.7;47.9;67;97;295;;;7981;54;27;0;364.5;140.5;57.9
LUG;01.03.2021 00:00;9.2;21.8;0.4;8.8;-3.4;33.1;56.1;6.5;984.9;1021.2;;;1020.8;2.3;20.8;8.3;74.9;6.5;182;275;;;15488;77;73.4;0;317;93;-43
LUG;01.04.2021 00:00;11;24;1.7;10.9;-2.6;33.6;61.2;8.1;981;1016.9;;;1016.7;2.4;25.6;8.6;92.2;76.9;200;301;;;12440;58;86.4;0;221.8;53.8;7.6
LUG;01.05.2021 00:00;15.1;23.3;8.2;15.5;5.9;33.6;64.1;10.7;978.3;1013.6;;;1014;2;18.3;7.2;65.9;155;242;327;;;12964;56;115.5;1.2;8;0;83.5
LUG;01.06.2021 00:00;22.2;33.3;14;22.7;11.8;39.9;65.5;17.2;981.7;1016.2;;;1017.5;1.7;17.1;6.1;61.6;47.6;280;370;;;14105;61;145.5;115.5;0;0;-34.6
LUG;01.07.2021 00:00;22.2;33;12.8;22.3;11.5;39.2;70.5;18.3;978.9;1013.3;;;1014.6;1.8;25;6.5;90;297.3;238;377;;;13172;56;132.4;119.5;0;0;219.3
LUG;01.08.2021 00:00;21.8;31.3;13.7;21.8;10.6;40.6;68.7;17.8;979.5;1014;;;1015.2;1.7;17.8;6.1;64.1;192.1;250;365;;;17458;77;128.9;110.3;0;0;107.9
LUG;01.09.2021 00:00;19.2;26.9;11;18.9;9.5;35.6;75.8;16.7;983.7;1018.7;;;1019.6;1.3;14.9;4.7;53.6;188.2;168;361;;;11881;59;75.3;39.6;0;0;146.6
LUG;01.10.2021 00:00;12.7;21.4;5.8;12.3;3.7;29.1;77;11.3;985.2;1021;;;1021.1;1.5;18.7;5.4;67.3;133.9;113;316;;;10300;58;43.6;0;128.2;16.2;106.6
LUG;01.11.2021 00:00;8.5;15.8;0.5;7.5;-4.3;21.6;80.6;9.1;979.7;1015.9;;;1015.4;1.3;16.3;4.7;58.7;147.3;68;304;;;7188;53;18.6;0;346.2;106.2;137.2
LUG;01.12.2021 00:00;5.1;15.5;-0.2;3.3;-2.9;17.9;70.6;6.1;980.1;1016.8;;;1015.9;1.5;20.2;5.4;72.7;19.9;56;270;;;7996;65;17.7;0;462.7;214.7;9.8
LUG;01.01.2022 00:00;5.4;21.4;-0.8;3.8;-4;25.6;59.4;5.2;987;1023.9;;;1022.9;1.9;24;6.8;86.4;9.1;81;255;;;11260;85;31.3;0;444.1;204.1;0.8
LUG;01.02.2022 00:00;7.1;17.5;0.2;6.2;-2.5;23.2;57;5.6;984.8;1021.3;;;1020.6;2.2;28.3;7.9;101.9;16.6;126;266;;;11958;81;44.3;0;353.5;137.5;1.3
LUG;01.03.2022 00:00;8.4;20.3;-0.7;7.9;-3.6;29.9;55.9;6.1;988.3;1024.8;;;1024.2;1.7;12.5;6.1;45;12.4;160;285;;;12634;63;61.8;0;336;112;-33.6
LUG;01.04.2022 00:00;12.3;25.5;3.2;12.1;-1.2;36.7;61.6;8.7;977.2;1012.8;;;1012.8;2.3;23.1;8.3;83.2;68.1;217;307;;;13397;62;91.3;0;127.7;23.7;7.6
LUG;01.05.2022 00:00;18.6;29.6;9;18.6;5.8;37.1;72.2;15.3;982.1;1017;;;1017.8;1.6;12.1;5.8;43.6;69.6;243;356;;;13651;58;119.3;49;0;0;8.8
LUG;01.06.2022 00:00;22.5;31.1;12.6;23.1;11.4;39.4;66.7;17.9;980.6;1015;;;1016.4;1.5;23.4;5.4;84.2;162.3;272;369;;;15900;68;141.7;125.6;0;0;66.1
LUG;01.07.2022 00:00;25.4;34.2;16.4;25.7;14.4;43.4;58.4;18.4;982.3;1016.4;;;1018.1;1.6;21.6;5.8;77.8;90.3;301;380;;;19348;82;172.1;219.1;0;0;-36.9
LUG;01.08.2022 00:00;24;34.1;15.6;23.6;15;41.6;62.7;18.1;979.6;1013.7;;;1015.3;1.7;16.5;6.1;59.4;85.9;253;378;;;16988;75;140.1;175.3;0;0;-13.1
LUG;01.09.2022 00:00;18.1;27.4;9.4;17.6;8;36.1;69.4;14.4;978.1;1013;;;1013.8;1.7;18;6.1;64.8;250.6;179;347;;;12501;62;83.8;38;8.8;0.8;195.8
LUG;01.10.2022 00:00;15.7;23.7;10.4;15.2;8.8;31.6;84.9;15.1;987.2;1022.7;;;1023.1;1.1;9.1;4;32.8;194.5;114;340;;;10756;61;41.2;0;0;0;176.1
LUG;01.11.2022 00:00;9.7;18.3;3.2;7.8;-0.6;24.1;73.8;8.9;981.1;1017.1;;;1016.8;1.4;18.3;5;65.9;63.5;69;302;;;7443;55;23.9;0;273.2;73.2;49
LUG;01.12.2022 00:00;5.4;11.2;-1.7;3.9;-6.4;18.3;78.7;7.1;981.4;1018.1;;;1017.1;1.2;18.6;4.3;67;73.5;48;292;;;4981;40;13.3;0;453.5;205.5;67.3
LUG;01.01.2023 00:00;5.4;13.1;-1.1;4;-4.3;17.6;70;6.4;981.7;1018.4;;;1017.5;1.6;20.3;5.8;73.1;25;60;281;;;6746;51;22.4;0;451.3;203.3;20.7
LUG;01.02.2023 00:00;6.8;18.3;-2.1;5.8;-5.7;24.8;64;6.4;989.5;1026.3;;;1025.5;1.6;17.8;5.8;64.1;1.9;108;277;;;9720;65;32.9;0;356.9;148.9;-7.5
LUG;01.03.2023 00:00;10.1;20;0.6;9.5;-2;30.4;64.2;7.8;977.9;1013.8;;;1013.6;2;19.7;7.2;70.9;56.6;155;296;;;12604;63;64.4;0;279.9;63.9;19.6
LUG;01.04.2023 00:00;12.4;21.7;2.9;12;0.1;32.4;59.5;8.4;977.8;1013.4;;;1013.5;2.2;18.8;7.9;67.7;105.8;209;305;;;12882;60;92.4;0;116.3;20.3;34.9
LUG;01.05.2023 00:00;16.5;26;9.8;17.1;8.9;33;76.8;14.1;980.5;1015.6;;;1016.2;1.6;23.2;5.8;83.5;167.7;215;353;;;10070;43;104.4;5.5;0;0;133
LUG;01.06.2023 00:00;21.6;31;14.2;22.4;13.2;39.9;69.6;17.5;980.2;1014.7;;;1016;1.7;23.3;6.1;83.9;160.8;282;369;;;15258;66;143;99.5;0;0;80.6
LUG;01.07.2023 00:00;23.4;31.8;15.3;23.9;12.7;42;71;20.3;979.8;1014;;;1015.5;1.6;23.1;5.8;83.2;203.8;275;381;;;16608;70;146.6;157.3;0;0;111.2
LUG;01.08.2023 00:00;23.3;33.9;13.9;23;11.7;45.3;66.2;19.1;979.1;1013.3;;;1014.8;1.9;21.4;6.8;77;182.5;244;378;;;16401;73;137.9;156.7;0;0;102.9
LUG;01.09.2023 00:00;19.8;28;10.8;19.6;9.4;36.5;78;17.9;983.8;1018.6;;;1019.6;1.4;16.3;5;58.7;185.4;178;361;;;13264;66;79.4;52.5;0;0;144.5
LUG;01.10.2023 00:00;15.9;24.9;8.5;15.3;5.8;34.6;80.9;14.7;979.6;1014.9;;;1015.4;1.4;23.7;5;85.3;216.8;105;346;;;8804;50;46.3;9.3;8;0;196.4
LUG;01.11.2023 00:00;8.5;18.7;1.3;6.7;-2.1;27.1;65.3;7.2;975;1011;;;1010.6;1.8;21.6;6.5;77.8;73.6;80;284;;;9104;67;29.6;0;336.3;104.3;53.8
LUG;01.12.2023 00:00;7;21.3;0.1;5.9;-3.8;25.9;70.3;6.9;981.8;1018.3;;;1017.6;1.5;20.8;5.4;74.9;81.9;55;289;;;7080;57;19.9;0;396.2;156.2;72.5
LUG;01.01.2024 00:00;5.2;16.6;-1.9;4.3;-4.2;22.9;69;6.1;983.6;1020.4;;;1019.4;1.5;22.1;5.4;79.6;47.2;68;272;;;8285;62;20.7;0;459.8;211.8;42.3
LUG;01.02.2024 00:00;8;20.4;2;7.8;0.3;27.9;77.9;8.2;980.4;1016.7;;;1016.1;1;13.1;3.6;47.2;193.1;83;304;;;6658;43;25;0;331.7;115.7;179.7
LUG;01.03.2024 00:00;10;23.3;4.1;9.7;0.8;31.2;74.5;8.9;976.2;1012;;;1011.8;1.6;24.3;5.8;87.5;231.9;119;314;;;8469;42;50.6;0;261.6;69.6;211.8
LUG;01.04.2024 00:00;12.8;25.3;4.6;13;1.5;40.2;64.8;9.5;980.6;1016.2;;;1016.3;2.2;27.5;7.9;99;72.1;191;314;;;11511;53;89.1;0;128.3;24.3;21.2
LUG;01.05.2024 00:00;15.5;24.1;9.7;16.4;8.5;36.1;81.8;14.2;978.5;1013.8;;;1014.2;1.4;18.3;5;65.9;314.9;188;353;;;8087;35;87.5;1.3;0;0;286.3
LUG;01.06.2024 00:00;19.8;30.5;12;20.8;11.3;40.6;78.3;18;979.2;1013.9;;;1014.9;1.5;21;5.4;75.6;133.5;231;369;;;10589;46;113.5;55.3;0;0;87.9
LUG;01.07.2024 00:00;24.1;32.1;14.5;24.8;13;43.2;72.4;21.6;979.3;1013.5;;;1015;1.3;27.8;4.7;100.1;164.7;273;388;;;16609;70;146.1;178.8;0;0;84.9
LUG;01.08.2024 00:00;24.8;33.3;16.8;25.6;16;46.5;68.8;21.2;979.8;1013.9;;;1015.5;1.4;17.2;5;61.9;113.7;242;387;;;17205;76;134.1;200.7;0;0;30.7
LUG;01.09.2024 00:00;18.1;29.6;10.5;17.9;9;40.5;70.3;14.5;979.2;1014.2;;;1015;2;24.8;7.2;89.3;243.7;146;354;;;8408;42;81.9;30.6;0;0;201.9
LUG;01.10.2024 00:00;14.4;20.7;9.6;14.1;8;24.5;89.3;14.7;983.4;1019;;;1019.3;0.9;11.3;3.2;40.7;242.9;86;349;;;6161;35;31.8;0;0;0;233.2
LUG;01.11.2024 00:00;8.4;17.6;-0.1;6.6;-2.6;22.7;75.4;8.4;986.4;1022.9;;;1022.3;1.3;19.5;4.7;70.2;14.7;86;283;;;10380;76;20.6;0;327.1;111.1;-1.1
LUG;01.12.2024 00:00;5.5;13.6;0.3;3.4;-3.6;16.5;63.6;5.7;986.1;1022.9;;;1022;1.7;23.6;6.1;85;13.9;63;265;;;8790;71;21.5;0;448.6;200.6;1.8
LUG;01.01.2025 00:00;4.9;12.6;-1.2;3.7;-4.1;16.3;76.7;6.7;984;1020.8;;;1019.8;1.2;15.5;4.3;55.8;147.8;55;286;;;5857;44;16.5;0;466.8;218.8;140.3
LUG;01.02.2025 00:00;6.3;15.9;0.4;5.5;-2.8;21.4;77;7.4;987.8;1024.6;;;1023.7;1.4;21.7;5;78.1;55.3;88;294;;;6977;47;25.7;0;383.2;159.2;45.9
LUG;01.03.2025 00:00;9.9;23;2.7;9;-0.1;29.4;69.8;8.2;979.9;1015.9;;;1015.6;1.8;23.9;6.5;86;123.1;146;303;;;10680;53;62.3;0;288.1;80.1;98.7
LUG;01.04.2025 00:00;13.7;25.1;5.7;13.6;3.7;34.2;69.9;10.8;980;1015.5;;;1015.7;1.9;15.4;6.8;55.4;177.4;200;324;;;12326;57;87.9;0;44.2;4.2;127.1
LUG;01.05.2025 00:00;16.9;28.3;9.4;17.1;8.8;33.3;71.5;13.4;979;1014.1;;;1014.7;1.8;16.3;6.5;58.7;327;252;339;;;13984;60;119.9;15.4;0;0;259.6
LUG;01.06.2025 00:00;23.6;34.2;16;23.4;13.7;43.3;69.2;19.7;983;1017.3;;;1018.8;1.4;17.1;5;61.6;73.8;270;381;;;15482;67;145;159.2;0;0;-13
LUG;01.07.2025 00:00;22.7;33.8;14.3;22.3;12.7;42.8;64.3;17.5;978.3;1012.6;;;1014;1.7;21.6;6.1;77.8;171.2;269;370;;;15364;65;150.8;137;0;0;73
LUG;01.08.2025 00:00;22.7;32.6;13.3;21.9;13;35.8;72;19.7;980.1;1014.5;;;1015.8;1.5;18.5;5.4;66.6;258.3;237;378;;;15804;70;125;139.3;0;0;183.7
